407
170
712
249
87
1257
707
393
3654
827
2689
946
835
66
137
1549
78
1010
2659
1333
2714
579
1573
192
334
1161
768
768
693
556
612
318
743
3519
140
1591
331
2951
758
1321
283
447
852
2438
505
524
373
70
1077
601
51
388
578
2388
403
382
1301
318
1015
491
947
71
2012
1438
361
612
999
397
315
2275
2155
1199
648
122
420
1136
631
754
978
878
1053
2774
3531
592
2306
277
533
1700
1020
431
957
412
3652
961
643
1224
299
503
476
864
348
379
267
693
357
441
940
1059
335
1009
597
2144
1218
438
1263
405
373
425
340
328
1419
497
3057
587
602
415
634
1916
392
3926
832
76
363
2492
564
343
354
667
457
83
1779
2989
360
1419
802
601
1164
646
291
623
188
151
427
1526
282
55
1277
515
387
1310
432
538
534
693
961
2081
798
352
741
1695
236
629
807
1843
1610
171
925
1195
806
697
1177
354
678
512
2026
115
865
642
441
460
326
1701
446
3170
625
356
1279
665
1156
96
1344
3748
3650
579
859
564
53
618
1575
155
3617
343
403
2014
2452
475
94
631
353
424
1609
499
967
1216
446
798
366
121
1133
570
230
136
100
1172
1864
3186
823
761
1023
1169
84
338
890
500
3493
410
3675
393
1626
157
459
525
1176
315
2663
1294
730
730
256
120
246
368
1450
3991
58
353
741
684
171
678
2894
296
760
460
2576
1629
1274
522
295
339
94
280
1458
1272
1298
810
1669
268
640
1341
115
2217
631
119
559
896
446
1411
786
1885
470
2286
1528
305
721
937
301
1459
355
505
686
467
509
632
1542
581
892
93
1620
503
439
1672
1366
2101
295
98
750
2661
1353
469
477
317
919
1646
379
587
1863
1155
35
1159
5227
495
1389
1307
500
719
1306
956
1117
1095
251
866
425
201
665
2601
1294
230
162
1182
2693
564
228
2206
1602
431
223
812
136
158
2984
3204
1078
481
688
1367
1719
715
1198
244
943
1199
966
912
87
566
588
178
133
1321
975
520
1854
355
1589
1698
1229
458
418
107
616
3069
81
64
404
1333
567
331
404
59
2242
331
562
789
2775
951
373
1540
1566
317
387
491
1263
712
1993
434
385
3347
641
729
252
889
388
2429
398
811
310
590
794
275
476
685
709
518
415
101
622
1031
1761
605
578
274
59
314
327
378
478
434
2569
775
562
1895
3128
538
458
557
1484
1223
42
1421
1256
1059
328
3954
363
735
3166
689
411
726
2390
453
202
689
1728
668
655
1297
274
476
304
366
1031
1366
1505
1023
107
410
891
1321
492
1742
2329
1360
2838
300
1987
725
101
359
1399
776
859
365
1765
1125
878
77
2891
704
292
2449
965
2962
591
525
981
657
1011
322
562
4578
56
1062
406
339
509
72
5168
437
1594
1530
545
1426
978
1111
610
1455
484
603
1701
1572
84
237
131
414
1316
2719
2208
368
3081
580
845
833
55
3458
376
370
131
1218
398
1107
78
393
758
1742
380
285
1167
1231
796
1210
1081
825
1723
410
332
626
111
107
307
465
1565
1303
598
866
1227
1211
1335
720
1055
2711
714
1042
767
420
2871
553
478
933
631
2000
469
698
2131
1172
58
1487
553
1176
316
1733
2753
525
987
351
627
292
927
905
718
573
2952
881
1241
878
351
937
946
328
1640
314
413
2004
1860
226
110
463
1336
331
587
1652
484
860
1167
126
3705
1758
460
736
1126
411
2314
630
360
634
462
1122
298
126
433
438
739
70
91
88
1469
281
1901
770
704
2008
620
540
1723
894
926
993
1756
1234
413
1648
527
584
3656
1270
2125
160
432
1358
575
121
525
1883
673
3298
413
459
950
879
1033
436
481
3891
454
1060
1958
450
1095
859
3739
318
416
1181
798
731
2203
174
766
452
2529
744
317
3755
991
553
719
3603
444
498
1654
116
453
832
1291
885
1077
2097
2596
516
1308
222
84
2801
484
1773
523
415
2690
190
3233
421
375
956
435
2422
1269
838
619
3280
454
209
1086
690
715
2395
1172
711
1135
1162
352
107
1026
538
82
857
488
1084
1523
334
220
1435
1600
482
950
626
465
808
670
365
3268
798
573
465
1741
375
381
1180
1021
647
401
1047
328
6194
1408
981
683
305
1509
2914
657
1636
897
727
1112
450
1363
292
1329
3662
447
50
535
1693
2893
52
1355
896
581
530
281
205
605
484
752
820
1099
529
420
1327
1584
526
602
579
1036
2696
375
1030
1497
1133
135
555
1492
377
619
635
1545
509
437
1159
349
1514
837
1226
729
2695
312
555
2636
755
315
443
655
370
522
517
322
891
773
2231
1914
279
609
1009
229
428
504
372
510
638
714
777
337
506
1749
1009
385
186
79
376
656
1164
2428
535
859
700
285
6123
1615
409
723
400
2017
814
453
2448
1216
191
2406
460
367
2718
1148
2589
320
98
2683
62
943
319
4390
328
589
1620
581
1718
99
377
568
309
653
1549
1598
298
544
1038
1250
364
416
1452
547
608
260
306
434
909
218
314
671
1740
3409
328
798
622
96
457
467
566
1328
276
491
1204
2111
1421
2460
2328
1007
2470
903
1451
318
544
498
1143
639
569
785
276
593
1146
108
932
674
345
520
83
531
935
527
74
555
556
502
1206
1155
1064
667
606
63
738
528
73
861
561
720
1177
807
675
1231
2329
1869
456
474
793
3419
1214
606
1312
444
2494
327
783
410
405
342
1344
1037
608
408
670
976
242
470
204
994
1228
2441
4039
1391
127
966
4748
687
649
723
760
769
515
521
846
409
1315
779
705
440
652
920
294
1116
619
97
306
327
875
257
278
1430
2935
1216
301
747
360
2813
1327
3201
482
831
1004
524
264
969
610
478
2569
497
667
552
2891
830
2303
638
413
288
1045
615
938
872
499
449
2785
352
136
519
1028
338
518
1256
500
1314
627
350
501
1491
1696
513
117
1342
410
328
4297
561
420
54
367
861
543
1598
426
1011
369
614
823
341
2623
709
585
296
727
561
2621
500
4159
340
490
1388
3503
1164
3365
824
476
1297
484
75
1387
2056
441
924
587
368
1448
1421
834
1635
383
277
1187
941
481
3266
734
887
788
273
2555
285
2259
379
639
976
3389
1521
419
461
834
1387
806
1891
435
480
277
1281
3543
470
196
1233
73
1394
1281
733
813
3331
121
665
1211
737
3456
991
488
436
945
1533
327
555
1743
1080
1501
642
2721
979
1579
1419
804
1686
530
2586
333
3443
444
1173
288
792
81
387
3809
605
445
329
2187
1288
2028
994
899
1019
477
985
325
1416
346
380
649
81
363
59
379
372
1971
302
69
1241
947
1351
402
147
837
458
2243
1310
1648
492
3645
591
892
396
975
674
1298
1446
58
1665
330
959
1129
500
657
264
114
1558
2479
2840
575
565
2164
304
75
2814
922
838
3393
632
3997
4065
263
466
307
697
1434
76
1060
574
572
1859
328
687
1929
1838
263
681
1905
679
4072
59
2438
2106
578
1291
301
1279
645
447
1492
1901
1238
229
119
1039
414
1219
2012
1483
441
479
1525
511
1927
502
496
1645
222
397
469
597
650
3853
382
328
1809
559
641
3027
443
611
507
454
473
888
92
1477
339
534
496
560
1059
3424
451
262
590
674
3216
52
346
1291
1119
3971
672
502
1091
338
444
465
532
1627
2712
428
441
577
5435
251
354
696
392
710
131
1145
1566
505
1185
1066
238
463
1772
565
597
347
349
1004
442
1679
1069
397
1777
2196
426
1002
1513
913
1114
1037
606
762
58
127
1739
1455
423
1792
1266
381
1807
909
513
401
2168
1459
752
1182
4294
364
834
542
991
2174
2484
67
400
565
599
487
478
302
1433
391
1606
5512
693
271
856
483
2548
278
2925
97
1145
1601
112
212
1236
427
590
495
996
287
584
259
347
884
850
964
968
820
393
253
549
258
51
682
397
1181
1580
766
595
2839
1950
399
2409
387
780
69
514
310
1640
1062
2379
105
1748
49
330
1058
1212
702
1314
1266
980
1051
1697
812
371
855
630
634
814
1031
368
429
395
406
291
2019
442
407
1465
32
326
342
492
95
321
779
368
108
295
201
668
459
1654
530
724
390
68
2042
1689
663
777
540
2934
1336
629
2274
2062
94
596
641
1421
696
650
1066
330
854
859
2557
1826
607
425
152
899
367
349
2292
312
1372
94
603
537
363
1437
810
240
281
2290
1112
496
175
2631
2148
89
538
61
370
479
536
295
871
4034
2965
408
653
78
543
3798
469
1242
1273
123
1025
107
2140
85
2074
43
774
775
407
813
377
1341
722
463
3002
1426
591
1201
710
317
130
1388
4015
2827
686
497
1572
503
628
596
1211
975
1078
397
1670
434
657
463
745
668
1068
504
2539
534
870
2908
513
75
1169
1321
1099
139
682
65
86
109
176
209
581
1100
422
1598
427
1839
367
517
876
591
1007
344
259
430
414
471
2310
239
709
422
98
336
449
394
250
862
910
295
707
797
2991
1578
777
965
971
1756
1741
103
441
588
578
459
1199
1802
1830
1471
387
566
653
469
1485
799
352
117
1958
337
1279
310
423
318
1429
1744
89
4453
522
1270
809
1094
1198
396
70
1482
1247
503
782
2856
200
3483
381
3397
762
980
463
461
831
2329
415
2726
2748
412
498
2448
3067
4082
1747
122
986
616
410
529
832
631
339
4337
2640
669
372
1096
1321
1071
1141
1105
593
704
2869
760
511
792
622
420
1521
54
478
531
287
396
493
248
732
489
544
96
649
374
3441
314
2351
1212
671
314
320
467
1177
394
824
369
544
735
472
1077
83
414
555
521
352
2513
1730
726
1250
1825
1124
108
1157
667
345
435
667
1633
435
282
429
878
1152
724
1071
2262
272
783
248
667
1849
1324
576
1472
3473
687
709
118
2133
732
1058
647
93
3796
839
682
2907
1779
1001
242
82
3069
112
591
258
869
380
365
294
257
630
515
3192
300
773
1102
408
258
562
458
583
939
945
2996
337
2570
1186
346
1010
293
551
960
1594
1236
1173
533
855
81
1654
2340
138
1096
735
753
1090
1818
1025
42
526
2052
704
359
1191
247
2053
413
320
378
1185
951
315
2984
691
6887
398
1210
2550
843
669
563
3146
1121
67
603
513
571
3323
510
353
531
459
4410
551
223
835
476
2705
3473
501
3359
107
963
899
1807
797
396
2027
49
1734
375
1171
1171
4896
1145
76
499
1086
800
257
1101
338
2937
526
370
1650
452
2183
64
1779
2093
1654
561
633
89
484
219
1285
387
2200
508
403
456
1332
1440
71
624
820
614
2644
814
548
1549
850
279
400
2743
106
1970
575
1300
1399
261
1317
218
943
740
1663
1841
1369
2547
740
1373
652
477
1877
2061
1794
2430
493
493
53
431
1593
975
2476
1377
501
524
3468
459
278
710
846
521
757
477
1183
392
619
685
972
1287
969
134
125
2693
519
550
75
508
1874
2627
889
716
681
900
444
1136
3715
4623
1434
1030
686
2710
418
1706
776
1054
680
2987
1441
103
1384
833
487
708
1085
142
1426
538
343
870
865
71
1085
838
115
545
399
416
218
472
893
1147
843
913
225
445
504
388
778
712
1971
1123
1307
384
122
1778
1325
1761
482
1059
330
557
819
289
471
487
442
659
942
711
514
2726
531
48
341
3885
1363
2449
1318
450
1200
1557
486
462
2697
1122
463
1160
491
1582
1296
694
1006
632
1607
87
1517
1249
684
649
2377
333
68
76
1106
233
334
2260
383
630
681
1880
1059
1562
759
1060
372
109
107
2296
453
82
242
2512
833
386
3631
257
824
738
634
1425
481
1024
1519
433
955
1313
1467
1903
907
136
2726
1334
508
325
2462
1415
1342
743
101
528
1385
50
383
328
2904
1172
1251
1512
278
1132
520
744
552
921
1130
1287
364
3887
1380
3030
419
1576
704
556
447
617
3418
547
337
1361
1085
613
209
1807
884
1700
1263
3616
327
2357
595
1218
364
82
481
2230
869
1066
756
264
1383
115
795
694
318
621
2014
650
406
671
2875
1077
523
78
743
471
820
2973
1128
1440
1954
1246
1122
557
2763
490
886
792
1575
362
391
981
348
1357
741
364
262
2344
311
292
675
2198
1233
75
2807
1390
721
500
481
1568
300
313
1188
1979
445
2787
1020
1407
1578
1049
1359
357
621
1309
902
306
811
495
2716
250
913
1289
1405
2272
80
826
736
443
429
3232
373
589
924
518
945
207
629
323
472
330
2279
1219
1924
1069
982
2828
4445
947
429
771
2722
92
507
563
1645
490
513
1025
1401
321
2728
2230
126
323
614
475
1869
3958
404
416
3762
514
1658
3709
409
482
651
349
876
42
297
571
116
404
1093
1523
3566
2952
285
1835
635
411
5166
1539
1477
1818
321
1435
2081
63
435
2608
1408
1248
586
282
750
135
764
1807
102
101
977
622
484
73
668
343
585
2186
246
522
4970
702
342
659
268
2327
615
112
1316
431
696
2013
335
570
672
3971
399
1133
953
773
573
1704
453
783
362
1070
1264
1285
52
330
1763
1436
906
469
885
921
2656
580
1400
674
477
352
1500
423
441
3125
54
1010
354
318
504
264
72
537
2158
799
1471
597
150
69
543
398
101
504
261
521
645
2808
1641
1454
85
523
609
477
1286
301
3230
380
442
1537
758
552
536
1235
2274
220
1081
631
905
412
3904
669
262
396
853
290
421
488
1037
149
605
130
695
1760
937
1558
1699
757
674
394
84
615
1357
1773
468
429
1268
1022
91
667
560
750
1048
1769
346
1228
312
1623
307
1338
1213
492
1122
455
975
1778
1131
1143
2899
880
567
306
520
2727
668
291
1614
851
443
1117
1101
409
155
1362
173
2702
1135
545
298
439
381
469
1061
526
333
1778
612
1145
1007
458
821
974
404
1273
1691
2297
435
446
3309
107
65
1298
373
721
1984
539
2040
831
3324
71
377
1282
513
682
250
1968
328
88
139
353
490
384
108
2794
830
996
286
1545
387
1419
836
1895
313
779
1846
689
391
3269
254
1964
590
911
285
3976
387
242
2524
922
474
511
69
403
1610
2373
336
1209
1513
356
657
446
2024
526
429
553
430
288
1021
1116
1144
370
1129
600
660
351
5002
290
452
302
2714
2343
3079
390
2659
477
796
394
569
1229
2903
751
386
818
579
442
2391
1025
1126
468
634
1001
50
1614
442
325
672
1601
432
1087
2168
828
711
598
638
446
1567
468
1187
1693
3255
695
1137
507
972
1205
88
160
1142
100
445
506
923
3053
801
127
353
1144
815
380
333
1137
407
1024
1768
1039
1369
529
1329
1784
533
3563
729
2998
1160
1140
5777
1886
1798
258
153
2041
1275
494
68
555
864
612
676
285
372
355
279
746
1597
233
520
547
543
502
997
1172
435
946
2251
1334
309
542
888
419
613
587
1839
1559
382
577
321
131
695
1668
1481
583
280
818
1204
862
417
948
1040
520
54
848
448
623
820
838
99
316
1184
710
823
1155
387
1634
1228
117
698
478
430
964
586
1221
702
1001
291
726
471
844
1072
1890
1397
1184
1487
455
512
1329
239
738
491
334
5110
1662
183
804
1055
288
629
1187
523
1459
108
90
647
1099
957
513
390
1078
274
463
323
1106
4734
1582
1063
212
1242
1313
962
1186
989
1780
55
1929
125
457
53
1226
303
56
426
3230
470
499
682
676
442
1045
251
451
2518
424
620
1348
36
748
604
1076
1890
1356
568
604
99
437
52
1136
1257
1309
3361
2526
483
498
2113
330
531
1970
386
1350
504
2822
1049
613
453
3034
678
55
1646
653
93
783
1163
472
498
1718
81
93
1594
406
864
3011
409
391
904
1164
527
529
333
851
1121
1340
1856
1012
553
657
1655
590
603
548
407
1265
1512
2465
1037
1263
1167
1461
246
128
241
1051
318
1131
300
331
1208
728
1455
631
1125
541
673
3162
2298
101
494
4055
377
324
43
469
1587
676
370
1458
595
1645
485
828
1348
421
294
349
546
364
737
1841
1266
2544
1067
776
287
717
98
1311
644
67
506
311
394
586
386
932
467
98
1034
305
546
1252
2091
2830
1324
1058
2251
476
908
562
311
2675
1323
100
6888
1430
512
117
249
553
1015
246
152
41
271
804
1406
1060
1860
358
141
607
730
726
661
843
416
381
330
1721
833
392
604
1944
482
5777
646
2759
1338
3542
3013
2237
1294
931
1733
4375
1298
403
2288
629
1478
249
3308
434
510
553
1433
3533
1407
538
3747
620
1133
538
1097
1642
1796
716
2605
97
714
2678
357
1168
2589
699
337
507
435
1001
596
403
808
49
161
1735
776
1323
305
3510
98
836
875
395
251
214
119
935
4235
1816
389
444
1431
459
1724
47
326
1125
880
1543
1586
625
621
795
1616
1180
785
138
1353
669
253
1519
2377
420
486
120
576
960
558
626
1251
523
2392
357
1175
631
1212
778
1001
1225
41
1719
464
5925
45
1432
452
346
779
1295
403
804
966
2341
579
221
513
1509
1166
887
1444
611
265
248
95
1168
1641
387
555
234
1899
2936
449
1072
1551
383
80
1001
669
325
182
1056
1447
797
88
1126
331
670
1322
2611
359
923
4615
312
465
1471
4293
1567
1784
800
912
66
3078
3403
47
1166
458
472
2080
440
678
3144
1136
132
1270
684
403
274
139
728
720
912
789
480
293
71
1374
1011
490
1585
1200
3152
515
1522
719
509
309
1036
721
726
358
1735
2534
421
2287
510
599
406
1574
1081
1478
377
536
1557
1389
619
422
1274
329
1276
812
371
397
1557
982
299
841
634
135
400
824
331
737
1802
495
1448
50
1196
1531
1615
504
3543
1327
2034
152
62
890
972
1280
1444
400
1157
4903
1375
1851
354
1565
1810
296
1677
1649
1024
402
431
1361
613
824
516
2990
307
368
2963
414
691
1705
246
566
576
2430
95
4832
448
886
281
1349
1995
309
221
428
849
482
1074
2095
573
3509
761
93
2595
342
437
832
2481
586
425
554
386
1221
302
664
510
648
389
201
469
286
784
113
651
4381
2591
612
616
719
1354
1684
1154
710
378
434
217
1383
961
178
421
104
805
688
723
2492
408
3577
3512
179
732
659
766
1074
1391
510
405
398
747
312
1543
1640
969
714
607
758
613
2460
451
132
1191
1931
268
2244
414
979
388
1586
1511
948
454
448
516
459
282
503
756
354
201
621
496
286
541
1367
488
582
454
325
334
267
557
798
818
311
4667
634
3105
2553
538
1377
3195
121
340
618
671
2422
2406
1938
1140
859
404
2901
1355
959
573
408
1387
484
462
1344
1060
1840
743
594
995
1534
2269
2844
1037
720
515
478
582
1299
1600
3251
772
395
334
1371
1253
96
388
1079
1052
106
934
939
1066
495
1089
103
1050
1985
422
1790
803
972
3229
1966
717
2255
691
636
413
1008
347
1476
738
967
2842
1093
2497
3346
799
2986
517
665
2085
586
345
398
1164
1952
1439
546
1463
586
441
319
349
1003
847
724
1694
1646
1572
426
328
1590
4406
1485
425
2897
454
504
40
59
511
654
352
57
461
644
408
95
729
365
1291
646
1036
555
129
1399
4437
369
4370
818
1071
1069
1724
164
114
969
403
791
1493
2938
352
256
434
569
352
1414
2012
271
267
326
664
659
616
522
536
1807
1131
701
81
593
354
374
60
263
308
1018
57
295
959
1629
411
2129
658
378
675
321
2559
572
929
690
1798
527
478
612
954
613
813
448
240
699
2954
1285
912
833
631
1363
1031
874
300
3970
1717
2138
400
3374
1581
365
437
403
114
3351
119
4380
1529
1055
3907
191
1426
1171
757
66
1204
459
411
1215
381
623
1223
352
1121
1611
374
525
305
2911
1125
154
1266
1523
1270
2704
1212
364
1805
861
303
498
647
2657
2866
910
36
942
479
479
1491
443
400
449
779
3158
676
419
596
4062
317
376
334
736
1018
401
615
2603
113
2988
443
578
597
388
332
587
516
1045
751
1236
1010
1473
311
192
630
1524
3348
1526
1492
1175
91
297
672
583
2334
1213
370
312
1530
264
369
562
1230
2993
358
1568
967
708
1293
1088
310
571
234
677
2306
1265
669
1014
554
452
2466
1113
1046
710
627
910
311
577
409
1016
1021
1227
527
1700
246
529
468
268
424
2484
1054
2605
73
951
321
1990
620
765
101
65
1683
1640
1456
432
610
1453
563
467
391
2075
2200
323
734
2238
1476
645
281
619
1516
1593
507
101
239
284
589
1115
412
523
101
441
2316
954
921
1946
866
1612
372
669
390
874
4350
1622
402
881
460
1866
580
2022
2217
141
1648
296
58
349
175
1338
1349
4657
472
301
488
933
1139
430
1195
788
2263
331
2619
1720
1091
1454
4349
469
839
73
664
2574
672
535
1736
342
268
372
426
809
2424
595
802
415
630
1677
480
2181
458
422
381
463
464
797
466
472
2055
440
775
490
71
497
329
443
441
409
948
116
1770
467
1353
2389
1160
630
216
1043
43
546
642
308
136
385
2101
47
1292
602
424
659
352
2997
763
843
628
818
1257
247
1333
957
670
1673
2037
2293
1283
1042
1022
715
1294
638
529
2387
542
746
449
1397
2852
658
737
938
1480
1408
742
509
313
350
312
1569
266
456
449
1239
1969
1279
1291
123
1024
890
861
1703
62
2034
283
432
1093
696
37
482
398
1632
964
1495
256
277
372
325
1107
159
675
712
516
646
1779
1523
338
136
526
639
692
282
1149
572
414
1885
231
781
682
564
984
66
876
1718
334
324
1663
887
1236
315
332
273
753
348
3698
516
4061
729
4880
1924
357
4878
114
1168
760
561
1364
1683
1425
754
555
637
127
692
473
446
87
354
45
3724
3021
150
398
617
2557
677
1936
716
715
322
802
805
984
114
696
1292
455
308
551
736
333
635
57
320
1277
788
1059
572
699
596
496
154
647
1608
949
1414
145
1114
502
1143
542
2515
3128
948
234
2694
422
693
243
794
600
141
1551
365
524
2176
997
1508
1105
798
798
356
616
1196
446
809
1827
3704
1174
559
2066
771
658
1112
388
1135
135
723
689
453
982
705
2619
835
338
4075
1252
111
804
292
3475
687
736
577
684
627
714
2325
1874
1373
72
83
82
1621
1187
1014
888
1456
2024
794
532
1285
816
319
432
764
526
589
1380
125
3347
1299
1043
456
1003
703
431
31
1274
397
572
564
612
643
687
757
1286
1269
2323
388
2706
426
543
821
307
406
275
120
262
696
418
614
559
473
2112
607
861
1023
414
445
2130
1361
1407
1452
810
1756
32
2822
480
497
2893
736
713
1474
2386
447
1406
721
1511
641
2633
578
2022
3395
949
373
618
1712
1385
547
1518
274
219
507
1023
764
2256
2398
381
157
281
977
1044
442
688
605
1049
75
439
556
845
382
54
476
828
397
3491
546
894
1561
371
325
100
751
1304
1482
1453
218
451
610
283
1281
1136
50
950
2363
1171
820
608
84
268
618
2649
757
348
2953
282
646
2382
333
385
1097
1054
1465
385
426
355
1410
911
3745
706
717
526
1213
471
637
474
3563
1741
1736
635
1252
2561
429
607
146
3536
913
303
491
373
362
1930
558
1494
2285
3603
502
1549
2220
416
1246
563
395
237
1178
544
2144
1866
1939
287
534
123
716
385
783
1201
635
677
313
233
1615
819
1722
287
287
5466
1294
3120
1507
192
1476
240
791
78
102
548
3521
648
2508
554
89
595
384
267
650
510
374
1634
1397
1179
822
1112
794
275
637
427
1743
1030
186
119
850
1063
743
245
342
1943
1188
1316
74
678
453
565
615
356
258
448
2299
271
643
612
1268
947
180
1251
641
316
596
566
1536
843
415
83
3657
141
5457
934
434
549
647
2150
802
575
508
1156
775
686
643
592
1114
580
1923
1433
1071
664
175
584
3795
808
1893
857
644
609
1644
450
645
1534
1724
853
1335
400
868
2657
898
1496
2485
298
1369
3134
1461
759
805
777
377
588
553
2221
516
443
486
1298
435
1182
1341
332
670
764
1030
86
441
1032
1839
2042
3093
709
333
222
1109
2618
437
1376
437
208
2076
371
58
1204
580
499
545
861
1022
1274
496
1082
99
702
517
2685
408
1291
1193
4165
534
503
521
514
248
1335
3975
443
2965
2212
265
285
372
1061
1076
1196
2474
109
1450
1526
235
1269
359
403
274
2759
339
1302
501
1912
526
593
475
1073
380
591
683
1662
1181
749
2393
1116
296
1430
406
303
1009
2040
1510
3146
570
843
484
284
609
955
416
1427
428
202
2192
390
1692
1103
403
429
305
598
1179
889
489
669
407
1847
1435
1694
73
254
33
1285
570
1074
1057
89
1322
1119
569
1135
42
1011
648
944
327
1003
1318
1587
381
115
1868
482
139
1508
383
1431
640
2102
266
882
691
123
1233
734
2742
2004
449
494
447
321
4202
320
280
672
1085
276
115
2138
1100
130
80
259
318
894
370
264
1287
411
114
3550
481
623
40
342
290
433
1337
330
2542
749
756
2528
1568
410
2257
51
1012
299
1135
417
476
4908
610
838
246
461
407
380
568
1454
493
215
281
316
712
97
338
538
1272
1479
435
1109
469
1263
50
65
1914
1344
625
316
412
970
81
485
770
679
845
1686
1751
4225
637
67
1022
2084
1216
79
2650
461
460
2138
1261
465
876
3982
788
155
1096
496
450
479
1478
1697
333
916
423
397
599
384
463
2792
129
447
2186
715
742
365
677
1152
1707
700
400
559
659
569
856
573
390
1658
439
781
4440
697
1158
58
1808
942
464
553
1156
715
527
1574
1979
285
766
1442
372
653
785
602
555
324
901
426
545
528
815
457
632
1733
128
687
433
309
814
1262
563
672
1136
1631
428
122
232
367
481
35
4316
799
472
978
494
507
1987
77
1648
414
471
1300
769
597
425
585
1861
215
1260
329
492
447
571
1569
989
1001
101
435
703
466
654
296
750
893
661
308
481
688
1225
459
1582
1110
296
1078
260
287
984
2655
510
254
533
1846
1896
94
691
46
1699
887
953
585
67
389
1471
291
5312
478
1263
614
480
465
4198
1060
1625
475
517
2078
348
233
932
1363
584
999
1286
2501
482
107
567
439
3972
783
352
2166
2052
542
449
5023
628
622
814
1575
428
738
449
789
351
163
301
209
433
511
478
2510
1331
891
1346
2247
470
1044
1369
1002
750
442
1794
311
359
1292
588
381
1543
2045
1505
2491
503
1789
600
2173
728
112
2112
300
2493
1384
1077
442
1248
289
632
374
452
697
649
388
379
545
1334
926
603
845
654
1372
890
364
1907
268
613
617
711
641
1705
527
1316
554
517
1321
511
56
1111
1551
1949
348
3222
1302
808
1476
582
3368
1208
1095
594
235
535
460
741
3038
819
283
1005
760
4441
480
1689
398
1250
571
309
58
3554
648
810
1019
1220
223
1677
560
830
534
442
1754
1062
643
1848
653
309
417
2726
1067
701
773
326
3063
2406
2942
1010
146
141
632
229
725
1403
1096
58
305
654
57
1493
1382
548
1138
777
831
442
1114
772
269
881
612
469
67
1615
558
1142
806
823
1509
622
4432
1383
1552
1216
1772
146
377
107
1519
549
306
3025
291
1585
927
390
1378
90
602
1357
327
551
272
89
3126
1076
54
1290
368
397
347
350
248
552
1741
886
1623
1789
484
4251
1707
436
3472
520
2264
1439
566
4547
506
1051
49
283
1496
699
2311
2045
1157
203
1015
735
927
1776
2927
402
637
448
475
578
621
925
2670
484
932
491
373
1558
1159
832
1050
582
2726
1059
996
402
436
2328
112
1979
1144
1032
870
535
1570
2187
66
756
448
3269
577
82
1657
3123
991
1030
912
817
1118
1077
895
314
2225
377
1680
479
615
7047
1637
539
222
552
489
1160
689
1458
592
361
1681
984
1924
149
1517
603
469
315
618
1088
1771
113
1067
391
4702
1414
484
160
3790
863
574
296
1894
641
895
687
39
958
4975
2056
170
774
1061
1173
643
430
39
828
784
676
979
566
1122
586
87
272
245
456
1574
366
751
709
682
653
1482
2061
581
399
71
1933
850
2169
501
1143
427
482
2505
347
722
296
2442
2926
2732
1199
949
1067
1211
1758
731
318
2076
389
384
774
1214
105
311
273
1515
411
338
472
447
417
967
380
1164
817
615
1076
1853
446
628
2269
1990
80
708
265
874
1798
1220
232
464
398
1298
996
570
2583
1541
485
281
243
112
477
875
390
6947
1516
226
425
737
547
401
389
927
1794
395
379
905
849
377
2245
310
479
192
622
1849
288
464
651
407
544
370
344
115
1250
773
615
978
2869
435
580
586
2330
940
355
1349
63
1106
159
665
565
2492
1418
497
88
534
442
495
1713
417
1455
2540
593
1338
1360
1782
301
975
952
1029
49
1238
3582
653
906
2758
71
629
886
1613
107
138
1080
434
2383
338
3137
2605
1211
2487
723
285
443
609
291
352
1065
3733
438
446
690
724
532
2440
1294
1215
980
1199
761
481
2111
1108
490
428
4533
1216
379
3600
1053
356
782
229
3938
303
431
1535
1444
1406
2215
519
1760
919
1400
636
1045
1587
984
524
615
1710
1007
718
606
518
564
3888
619
3274
1312
3453
434
443
545
668
247
1005
303
767
2588
418
115
121
773
375
1166
1335
156
2134
1431
983
1416
729
293
1334
254
3922
210
3252
200
328
1029
485
2454
406
588
105
1592
2289
4761
584
398
790
434
713
472
1281
77
1402
1098
1271
1215
1295
299
871
894
463
1129
2637
558
980
1281
150
1165
528
474
645
1002
1544
454
3343
389
775
688
1991
655
411
617
886
519
1287
444
1096
816
1674
1687
4702
320
320
77
2472
657
1501
1244
496
463
792
546
594
1183
291
2400
1460
1517
511
802
357
1135
571
325
68
443
399
390
466
418
2578
954
431
316
967
533
650
763
235
327
247
446
2490
489
927
366
373
465
840
721
464
1383
524
2277
279
261
85
364
275
469
343
266
939
1130
851
550
323
540
1259
295
539
304
1275
556
1074
1028
2302
580
423
253
144
1187
1226
584
841
1363
1719
2163
1070
524
1385
1139
799
270
574
1804
1315
723
498
4562
444
733
1269
1267
1035
1075
1115
1467
455
1220
499
491
801
3677
350
330
738
947
72
555
556
5133
802
1053
448
2787
1354
222
496
393
948
342
2437
989
1371
2255
612
1075
432
2760
1462
1000
427
476
1867
3960
1597
1917
1605
434
3586
891
483
84
88
73
645
2033
242
1452
364
467
146
250
311
2935
572
220
377
257
430
415
1335
42
734
1325
446
1120
355
453
1028
302
133
70
1458
921
1410
1161
584
486
473
1404
388
659
346
457
963
496
107
652
2322
525
1666
947
1369
359
1007
469
1323
1848
735
214
619
359
1442
237
424
526
389
259
1498
353
1282
1767
1155
1264
1810
302
528
816
1422
4549
1264
377
572
564
230
3358
231
5270
1019
106
1830
290
768
965
215
518
391
310
663
588
1015
990
837
1038
862
112
838
324
881
783
565
1101
1427
3405
295
548
3362
251
409
809
647
2597
450
938
182
745
1037
2357
1565
1102
569
4555
2277
77
2047
1584
1078
616
3297
475
1158
1261
300
620
612
376
324
670
1722
1292
1049
113
1153
2824
408
98
3617
394
508
655
2590
535
1123
613
997
908
442
431
533
273
1436
552
463
2504
694
424
365
1084
281
537
1829
402
162
1451
435
611
412
1398
1346
1519
100
766
1992
1551
625
348
652
431
216
1076
1123
314
1147
1200
500
4811
514
615
1374
1372
2328
81
438
456
781
770
462
359
52
662
749
262
604
47
2675
568
683
1571
454
373
1308
2239
1322
1879
352
1556
1717
584
1244
466
680
1560
1379
504
522
1654
470
697
108
975
1621
615
458
2073
598
1424
729
1451
936
292
243
82
37
1290
1054
1251
1290
1411
481
369
465
375
1419
1122
4228
449
459
358
549
917
311
76
391
389
1080
614
6071
1607
1271
2158
919
657
355
1318
554
468
1560
72
508
822
412
308
1358
687
3059
362
564
347
591
435
66
294
355
487
355
569
754
3568
433
725
1873
349
957
114
980
384
993
415
2679
1023
592
3821
592
3967
612
84
703
4866
700
2124
739
242
498
222
456
783
455
298
303
248
1110
561
349
1568
394
532
709
600
553
967
916
624
3751
619
795
767
2774
521
835
286
456
1653
672
402
311
122
476
561
517
3207
2858
1963
2543
81
504
3625
763
271
4652
2517
336
38
488
1162
549
2991
984
3274
381
1895
1411
1686
1326
635
671
119
635
827
814
1007
2245
1276
498
1306
1452
598
957
255
655
938
1174
967
628
674
440
359
900
1589
1202
1162
318
961
409
359
303
94
124
497
1271
725
109
1035
992
84
489
628
430
761
2962
403
1211
600
249
1199
1362
854
401
1565
651
736
291
2048
572
379
645
990
262
352
1293
707
211
885
69
984
1298
1167
398
241
1317
3663
399
282
3704
84
31
1007
3700
47
869
313
229
982
1113
103
4422
1135
2145
658
164
3007
1656
435
1416
1201
788
1035
1618
411
135
730
52
528
315
2734
578
892
364
2400
467
874
387
140
379
725
456
973
305
1306
305
523
2518
38
282
1286
1745
538
1549
503
4508
452
1048
284
3562
2485
1693
1308
543
673
520
507
1723
971
1192
2528
101
236
226
109
426
1164
502
280
720
1429
1694
64
1215
1232
1388
244
629
1377
1539
534
560
358
61
420
394
2654
437
532
481
1263
1317
305
1780
1148
497
524
1164
95
620
1269
2629
206
237
62
388
2692
1705
1597
2194
437
4518
331
481
429
634
908
341
2919
519
399
527
2709
2254
533
1196
1395
640
553
265
937
526
1046
426
350
643
116
879
435
740
1456
661
396
888
1388
3610
1409
2664
467
1286
1189
955
2951
3447
436
2315
1216
441
427
1429
797
473
2671
540
624
2218
322
343
1201
780
773
84
743
357
546
1627
471
1534
890
219
783
97
2810
1126
115
1033
358
794
1111
545
278
285
296
608
929
982
418
1124
4421
475
1548
1705
2193
580
660
148
433
572
1702
1485
4023
405
58
1716
5101
5037
1038
1530
505
466
503
536
1299
76
590
118
1589
904
63
705
417
2069
3083
441
842
296
2550
1706
329
2192
1219
307
965
2253
1321
528
1127
649
282
724
1985
674
382
865
375
1837
3813
691
1899
5508
682
1008
2747
308
1046
794
571
125
1981
988
592
587
567
564
47
402
1175
1658
3025
2851
83
975
435
464
638
4571
525
683
791
441
1138
93
1300
375
337
1445
529
442
269
4086
62
485
309
1174
837
343
308
913
3133
3053
351
1771
386
2151
577
1136
620
1019
350
366
614
414
3485
450
389
1905
496
777
389
382
83
180
1800
560
457
993
349
1365
305
361
1190
498
592
656
452
160
669
1305
742
492
744
438
292
453
1376
1945
1392
3746
2930
1027
666
373
636
757
1343
565
3467
1089
697
458
2406
654
465
1350
711
1091
2846
548
245
437
2424
517
521
380
342
92
78
265
390
648
489
1502
844
1164
1169
287
504
1262
645
509
398
3750
574
163
1284
208
402
1765
1258
75
502
1128
47
556
473
737
909
506
326
1504
452
572
1656
583
1085
565
1002
1767
1213
832
687
697
1385
446
423
487
498
413
81
460
332
2395
1309
398
261
65
288
2672
505
1164
1458
712
484
83
557
1200
2265
345
410
755
1035
86
1470
2673
447
1116
604
1075
1376
594
500
475
1654
1304
562
321
2439
492
79
518
704
349
1795
1286
553
1265
1298
479
670
1407
418
522
545
272
427
686
797
2162
2328
747
949
127
570
683
1071
1983
316
1447
1196
626
1208
1947
800
466
475
808
371
850
324
913
1712
714
2603
571
1970
538
1033
1259
1562
449
988
639
1887
1057
1070
849
2136
1194
952
622
1501
1692
1618
86
946
328
632
2449
576
492
121
1675
357
1684
1068
2708
725
504
1134
588
777
84
45
87
2030
1935
4034
1297
1256
696
274
2169
1400
3155
660
442
1289
1776
1302
997
935
389
889
982
470
491
1221
2452
712
1028
327
718
4740
664
519
355
640
211
3221
355
415
1171
403
747
1125
1269
389
1171
1489
2745
1455
1039
974
2066
356
2098
463
1513
1071
1430
265
923
2427
826
1820
418
2081
145
460
125
1189
867
1125
902
761
57
178
524
629
1814
1235
2058
1287
372
2449
1666
455
1431
309
786
1539
562
2028
1141
1222
2833
443
1208
539
1718
93
100
1240
157
723
2365
1009
337
1670
149
494
1072
730
542
625
567
481
245
507
706
322
448
550
775
357
1182
4243
2867
3339
403
334
548
1714
7322
2133
304
1671
551
1327
716
2102
1508
160
447
1360
343
1167
1379
345
407
488
1247
491
303
942
83
1509
65
480
933
380
431
470
1865
1252
1219
967
1282
3229
778
157
368
112
1631
1225
1062
706
935
851
52
357
602
1662
1078
1065
57
1303
437
1291
862
1621
2921
655
114
818
88
1139
1289
542
665
281
1571
659
61
998
736
2934
1256
3579
247
819
2381
48
337
4767
1414
118
363
130
742
1328
545
1186
840
2469
217
347
1918
1740
1237
2173
505
1535
878
503
635
864
587
1059
732
515
1370
1066
293
1384
1181
521
630
276
674
550
54
3697
4061
430
308
523
1466
7348
2468
1018
366
256
187
338
1487
334
3146
293
1662
1015
416
1559
162
349
521
1115
555
787
480
4716
525
1047
757
516
747
471
431
58
511
637
219
285
588
571
411
569
2654
259
384
312
445
512
729
466
413
565
903
774
1427
2496
716
1257
860
1036
923
493
670
4431
3954
558
520
1053
613
1467
102
2821
1190
1217
2674
2586
77
3367
347
442
1120
2557
98
352
416
1277
1616
1718
639
1207
740
580
260
3106
2050
391
671
821
68
1584
4442
677
1408
2095
482
512
1366
1074
510
578
637
1319
667
647
594
1308
1739
175
1499
380
3154
395
733
883
841
552
544
6367
1380
695
593
268
744
389
580
729
970
269
333
927
1382
517
574
303
636
933
2393
1614
453
670
561
392
679
112
649
495
772
415
1697
101
369
710
1023
116
856
742
713
402
891
829
620
1891
293
1264
649
479
125
2031
417
376
506
1014
574
4727
511
2154
370
759
666
255
541
1381
1610
99
2813
1747
462
4282
82
2797
722
67
1074
6078
278
2939
144
532
353
2444
387
511
854
2380
985
525
1650
1440
44
459
419
1425
1289
845
404
1191
1463
40
1814
1115
520
624
407
837
850
950
616
1047
1851
405
291
233
470
115
818
376
578
430
618
843
1900
222
481
1518
289
504
1473
293
842
1074
519
721
429
268
393
1231
1164
469
365
512
882
243
248
456
2476
1055
327
1846
1668
1259
883
455
366
1136
531
3043
1155
523
708
473
83
1216
1687
1056
1453
1384
434
94
793
415
2223
59
1190
1035
1549
675
573
365
909
1176
3524
1090
739
767
78
1777
683
564
2416
2627
328
2035
1487
376
1163
531
137
444
1782
441
303
435
87
701
1295
559
1122
365
987
3126
1839
51
667
607
1413
436
494
319
319
399
1317
621
723
698
1777
1639
1221
298
71
268
632
1239
1036
485
1136
272
571
102
1869
852
671
944
583
5282
508
364
581
3473
523
235
477
2347
2960
413
597
5040
771
587
1953
582
494
1292
823
3136
812
438
1447
880
457
2026
54
373
540
370
1970
484
425
44
1052
1521
1717
1554
765
904
171
2268
85
1088
1062
320
416
316
1167
897
492
483
860
391
635
1353
377
56
963
248
571
3004
2211
3251
428
1146
963
377
418
550
2339
580
1967
711
1798
269
796
980
1202
1534
1429
2577
477
695
1719
515
2002
2149
304
249
116
492
606
480
495
441
485
1796
3790
2464
1729
1128
352
3194
307
454
656
398
395
1065
1498
1024
646
287
81
48
408
2854
3985
628
328
3500
1470
361
713
2030
81
79
69
1057
399
40
619
1135
69
2107
1090
66
1669
409
114
731
662
950
474
745
1167
667
678
775
92
346
1971
457
295
444
93
2405
3247
120
3470
227
1517
507
3337
177
684
1210
638
735
392
449
453
1095
1682
572
755
117
578
770
39
789
1787
3815
53
2227
721
508
613
511
481
281
374
1577
429
3195
2358
797
2334
269
1443
455
458
79
284
413
1221
562
737
626
619
1203
688
399
550
605
3990
1953
108
436
105
489
1191
1610
394
560
3590
1453
1570
1465
720
63
3819
308
2231
1480
100
435
1182
521
1819
376
33
520
1666
480
158
407
797
393
1310
2497
697
310
1165
132
706
265
630
954
544
1689
1252
631
1030
1550
1099
251
742
1103
722
2752
712
2927
585
879
1910
421
409
760
484
444
58
1585
3347
615
478
1360
707
4834
489
798
334
2209
467
326
377
50
37
462
1015
292
353
434
468
80
560
229
1075
3316
539
1507
517
3837
1160
802
959
76
1208
796
1208
313
1260
627
40
1076
1512
395
1180
2315
673
720
1254
1127
1331
87
501
1657
297
1947
273
809
404
459
1109
2770
1378
1227
906
397
224
221
793
1239
1078
42
375
426
1030
1549
274
634
1189
749
56
1202
3491
1058
725
778
253
916
2597
394
408
628
2869
1819
2226
305
1119
511
348
944
127
2084
1531
668
388
1208
1171
1338
96
1592
589
3574
2417
1148
1096
462
341
318
2834
51
741
598
527
2519
245
464
1902
240
1490
487
1706
271
315
255
635
248
769
125
548
627
566
2156
553
627
255
1245
705
299
380
353
480
1822
86
334
44
735
3398
476
424
320
742
2097
262
446
1673
1335
327
2280
463
2130
1149
754
418
619
222
297
447
254
534
2060
2946
3625
537
690
83
1930
604
2066
1133
2411
1373
492
54
1779
1485
732
403
445
2520
828
84
344
1212
98
674
1391
353
393
2761
1012
2217
2063
1717
306
937
1616
1115
561
657
2700
1057
1818
1925
300
59
5517
2232
1724
1468
633
2907
1011
2890
326
34
1326
288
861
1111
470
259
697
709
554
3238
1379
1639
1075
444
2743
2305
546
1936
1125
1096
763
238
559
478
1032
461
499
282
1291
2003
74
328
1498
2755
525
639
1299
1817
1339
679
691
396
322
683
371
1422
568
3017
1941
41
560
498
661
540
1295
1082
715
385
1129
995
140
476
696
524
570
368
656
431
889
432
274
541
2069
2302
669
801
58
110
992
744
765
833
505
2456
397
821
2254
1512
301
63
1773
1837
354
939
279
1178
835
2618
570
2021
325
69
1597
4326
950
327
1447
704
1060
74
984
1249
525
294
832
1391
588
1007
314
1561
646
46
4311
432
564
2775
3810
120
1561
746
43
935
401
610
2224
530
1091
798
1730
324
1497
178
524
1928
223
1078
1193
1721
852
1446
642
346
486
292
636
1396
308
712
283
1510
510
357
1026
221
2673
3949
1027
3851
333
1127
1488
951
995
1686
519
1443
45
5144
441
2042
1147
206
59
2689
848
1699
441
495
1378
2873
829
1460
553
1439
3436
1469
1250
1505
1275
1424
738
309
148
1750
640
3027
1751
389
469
512
434
373
287
384
272
474
304
908
499
182
114
2111
1465
473
994
1314
465
689
1091
374
756
1017
480
1099
583
1828
1431
844
793
1656
1132
1329
310
1256
470
2352
495
106
468
936
663
1912
1940
425
434
1592
351
1862
356
2247
267
651
996
1684
507
468
729
868
924
689
740
881
2287
1057
2901
422
597
508
1684
755
1697
683
506
321
457
2401
1838
671
3075
289
36
4275
594
2340
383
1417
625
1407
691
1462
1768
535
448
515
226
1065
482
1170
847
1543
560
691
2772
482
410
2462
2087
517
552
325
1141
536
105
320
305
707
1070
430
794
360
405
1324
1248
1101
349
643
1179
74
190
492
652
92
368
1406
1106
825
861
1613
375
568
1997
282
1508
2567
1040
818
301
435
316
609
941
1068
1512
3982
1100
622
423
918
1040
884
437
1335
84
590
328
605
436
706
1023
1170
500
451
1091
1173
4537
1705
968
1407
305
597
1155
1531
273
332
711
422
159
364
479
426
759
626
504
1143
459
2188
1024
293
426
59
601
400
1314
100
244
1939
740
254
61
1121
150
736
955
1347
534
633
953
2153
629
1756
134
101
673
516
866
372
101
435
596
428
2932
803
4215
2479
107
358
1066
2477
568
620
658
897
735
63
747
614
771
343
72
1035
284
593
590
1257
449
361
2320
1192
320
358
590
330
1662
567
1169
1068
480
498
5122
117
1056
584
115
874
2103
237
359
2428
901
474
2950
71
1831
113
949
3520
1558
303
1584
419
1219
2021
2404
1352
481
302
41
1346
2255
333
804
1006
702
1906
2508
975
130
1689
313
684
334
619
375
296
1603
397
959
1168
364
165
1549
318
51
107
830
222
317
531
88
404
2521
655
2819
1510
1663
1207
1200
3366
724
375
686
2770
720
439
2018
512
573
498
2820
892
318
1982
815
1084
545
316
2750
2799
1104
1120
1726
392
664
142
454
1432
362
1250
1146
755
482
538
2899
2250
988
399
739
952
49
498
1262
638
1019
4040
331
961
1565
1124
397
712
509
418
126
2241
160
506
1554
908
278
1360
463
945
1559
277
862
1275
403
2232
336
395
521
2694
795
2525
1306
2573
267
1476
1195
535
1434
2367
903
2235
33
226
2357
781
300
704
513
1313
1356
2577
1179
294
3135
593
1164
419
1544
4401
388
520
3410
461
80
2358
484
371
497
1866
334
757
2437
1108
836
657
2354
1342
680
893
405
94
1123
445
965
625
3684
1675
927
390
595
1059
217
467
160
365
729
293
1979
1094
1166
1193
1051
2641
2799
330
2161
742
514
2130
2318
793
1105
401
1300
82
220
1217
3298
1641
890
1765
846
265
414
370
1230
521
844
588
891
322
826
464
1257
713
1127
38
2027
1039
1094
509
322
303
556
916
112
309
595
103
492
528
137
385
1167
346
1422
45
707
688
2355
1184
3214
299
2191
1220
334
742
457
1069
63
440
420
1100
423
374
597
1166
273
578
2845
116
1448
1219
1046
2807
763
473
536
3767
1320
690
737
1105
1398
1601
1176
134
3110
1340
142
231
1636
1729
591
1404
757
109
1145
916
923
522
361
1751
2251
781
467
345
350
571
469
160
1208
506
2969
951
196
643
1502
775
408
1535
2427
330
504
654
244
445
1620
988
640
2276
133
3333
1093
537
123
632
577
417
1801
377
1066
61
337
396
533
955
973
2722
1006
67
1507
394
374
414
460
252
2213
442
2175
1031
2270
1281
2008
352
443
746
652
1556
101
146
551
1035
626
667
3518
774
649
2025
489
312
328
50
1376
625
2499
1259
567
1480
887
68
1550
801
401
769
1632
492
451
348
571
1720
45
488
780
350
309
1286
310
511
2374
473
3887
403
1955
460
178
897
405
959
1574
1512
62
2331
165
1436
2055
1435
139
1126
531
877
310
538
596
328
353
369
1163
396
2671
788
403
599
1154
1183
686
2019
383
1206
856
600
349
593
3019
743
401
838
1514
1022
553
1473
102
1708
83
1390
1229
1990
2137
936
3478
100
917
66
950
661
747
320
754
2310
370
3821
482
1259
1862
265
3115
428
1743
623
1222
1273
3668
921
379
1173
410
913
397
209
97
998
1065
843
116
747
1420
120
1078
1174
717
644
451
580
783
910
1290
522
193
539
1429
358
403
995
69
1018
953
355
1162
1229
475
842
807
566
321
812
1556
284
87
575
1834
3651
1355
2341
1275
1049
88
888
592
618
1553
527
1422
4034
1369
515
512
670
1283
1637
2600
1603
1142
2598
156
100
340
261
1854
1898
542
1377
56
686
178
594
1010
1114
2373
1242
1210
385
1212
1410
979
1157
515
634
1068
201
428
330
108
4574
532
294
377
1160
1376
984
342
490
1200
999
2013
620
275
350
935
80
207
1749
1483
844
72
701
494
1260
1076
524
102
1793
873
1753
935
1151
1392
336
1467
895
1022
580
2117
884
3784
619
59
260
1649
1510
251
2983
2625
1533
3567
1530
1167
1089
1201
932
409
414
2195
81
188
1068
467
841
466
351
120
286
1069
1390
610
425
2716
102
58
1960
673
490
126
378
3199
879
341
1018
448
574
371
759
546
2771
1582
581
159
926
2251
802
1902
33
842
1348
290
1562
317
849
379
407
42
1914
2683
422
1165
325
1088
287
2367
1175
1063
273
760
1147
918
700
237
60
531
418
621
3855
424
935
517
705
72
1318
1549
1292
2053
334
746
1925
571
389
1270
369
558
831
678
638
76
1311
231
2026
3246
1164
658
1670
405
264
1943
2921
1224
234
331
779
648
162
1809
411
459
793
1177
855
41
70
1139
513
1197
402
200
2955
1002
368
3455
465
1205
1636
2750
1243
45
133
1507
554
309
2210
2874
488
494
1828
679
690
2665
1128
90
364
2841
1688
561
621
2471
392
500
844
1116
757
1283
496
1070
2161
3694
1187
1547
384
396
2040
707
1188
595
3896
620
646
614
859
2066
952
155
474
69
430
994
724
842
1277
91
382
507
311
1155
1318
1291
447
64
1505
95
1109
524
287
1099
386
438
482
74
1280
449
455
2896
483
542
320
251
798
703
689
1014
682
641
68
127
48
1856
418
392
2338
700
3021
445
784
885
576
1832
531
522
124
1114
1222
55
1772
302
241
1256
1742
690
2596
753
427
1767
296
3522
239
884
468
884
231
1484
530
330
2118
425
248
393
275
847
416
4507
1650
1320
3122
487
843
1135
1055
6201
4191
3410
508
1448
748
750
117
873
1176
804
296
1239
752
1546
600
1180
356
225
552
101
303
396
1683
895
907
1462
1177
958
456
444
396
633
1111
84
980
697
914
252
355
1174
393
130
1063
1855
1663
936
1215
796
284
477
794
2749
2652
514
997
1257
1452
699
598
1140
58
986
1905
727
397
81
1304
1149
410
2830
432
828
596
1138
969
1361
3548
290
510
748
617
325
85
362
341
346
724
811
1395
780
521
901
150
636
713
535
1124
1563
1155
868
2878
718
1001
3556
52
49
524
2365
2237
1604
952
2080
2541
916
2970
559
922
749
652
344
544
825
1479
611
809
1204
461
1258
644
1281
450
1004
399
445
2329
488
1467
384
65
476
566
1489
1128
455
658
3625
1110
472
310
394
2483
2647
2891
799
555
1228
634
376
345
1507
5066
1768
74
479
409
747
1571
1164
1593
312
1093
250
1197
4185
1110
818
470
779
748
699
787
1092
1700
491
1087
676
285
692
503
1655
220
2530
525
842
449
247
407
649
374
426
656
373
2334
1384
571
432
615
36
1626
321
324
113
2179
922
162
2509
55
407
3103
1649
2555
600
347
439
162
625
372
309
565
494
1174
840
3412
249
400
2868
2456
284
535
1507
2345
496
656
472
1556
437
1436
550
3168
2630
580
43
480
602
94
196
2323
1092
527
1305
1256
774
301
638
73
802
775
511
394
2395
724
385
1418
3236
473
502
489
1302
1176
1480
1187
1901
747
81
156
1357
542
867
862
635
537
763
387
986
404
883
259
380
963
603
3610
3555
610
613
501
1453
1655
342
616
788
427
544
2501
339
1413
964
589
519
1181
1351
498
706
691
493
1538
2741
89
1242
618
295
1181
609
509
271
2737
337
74
2745
438
74
970
507
382
1590
499
422
1122
593
394
137
729
1079
601
1289
2535
1014
187
2416
276
674
1016
590
477
2802
447
1263
2305
966
1071
551
187
536
480
422
451
675
431
546
386
2203
1857
677
212
3857
533
107
489
535
114
988
293
304
806
1301
1119
519
980
661
803
542
407
1551
2643
307
812
437
101
4175
5211
428
2026
87
501
327
463
295
1840
2350
1140
178
573
714
58
779
1042
50
2112
333
1318
597
94
613
286
105
633
3711
343
288
495
465
564
408
1075
150
2911
701
1260
788
3398
504
3113
2239
1579
391
598
101
482
2284
3674
2556
748
456
3090
414
934
778
656
461
906
451
1012
773
4180
906
3091
538
668
386
1290
403
560
757
265
493
1069
604
1039
1031
322
354
2175
1382
3034
959
2587
1286
622
1132
1418
1180
1070
583
974
531
2083
39
456
1065
565
500
380
738
818
1049
1418
1199
79
1411
556
1621
1285
508
975
682
695
302
1096
99
81
1709
570
420
1545
295
1011
529
48
1293
1556
459
1009
1634
94
1314
438
428
572
2604
882
1331
1090
497
2240
1133
467
76
635
355
386
1122
113
822
1267
743
1050
117
531
459
3003
527
603
539
457
3406
166
974
907
836
869
34
1042
61
919
404
638
3728
1408
511
280
487
1524
584
718
1455
463
580
431
494
520
462
320
486
846
1069
1679
839
1836
3149
502
765
863
2966
495
527
2779
345
462
448
1989
835
474
122
1777
104
992
136
1290
2133
550
1665
201
1254
42
1099
3588
395
48
414
2365
523
593
3777
484
343
782
650
510
3610
398
709
485
2372
669
331
797
1103
1172
128
4364
269
1293
803
336
454
418
3694
3693
1697
322
607
329
1631
832
653
467
1921
905
798
1654
2750
2456
710
1286
359
1031
549
268
2838
632
898
1403
542
1376
511
5478
425
372
76
684
363
1323
515
1480
615
761
1623
631
429
3693
1929
102
1788
2413
1198
1064
423
5097
675
947
1629
435
408
1734
2278
1691
1580
1173
843
1044
1499
566
1174
439
80
340
91
2373
607
746
2185
444
1586
555
713
305
588
539
457
348
164
464
77
588
386
1514
1630
601
431
483
307
346
430
677
1944
973
406
1463
6359
408
534
1439
1529
578
1193
912
3350
80
1817
1400
351
106
974
1157
158
1378
522
246
423
103
1409
3497
588
938
1113
1040
942
565
1920
505
310
829
611
1295
398
949
1419
779
366
1824
976
372
71
1232
664
3205
458
450
350
698
938
955
1024
3760
417
983
691
752
103
345
1625
705
1551
510
544
1495
385
377
53
430
2035
5190
1028
862
644
1437
535
2385
1738
565
1675
1476
365
214
457
