2659
2714
2012
397
3531
2144
3926
1695
3650
2014
2452
459
2894
295
201
230
2206
1602
158
3204
317
1993
327
735
3166
1366
2329
1399
2719
987
881
360
2125
3891
220
1509
897
285
453
1216
2718
2441
2569
1598
2623
2621
273
3389
1281
2586
3853
3216
2196
913
1182
2925
212
884
820
1689
2074
722
1201
1078
1958
1429
3397
463
2351
1250
2133
247
603
1734
1654
1332
2061
1183
4623
1434
1426
870
1971
1325
330
289
2726
1363
2296
833
3631
433
907
2462
1342
328
1512
2875
2787
811
250
207
2279
982
2728
2952
2608
1316
1763
3230
1537
758
3904
1558
307
1131
1968
911
2373
1513
1229
1126
1142
3053
279
997
946
1839
1204
1487
4734
1348
1890
1348
287
833
4375
3533
2678
2589
808
305
3510
1125
234
982
1157
1354
378
2492
267
3195
2406
1253
2986
2938
267
1629
912
3907
1611
2657
1524
1700
391
4350
4657
4349
839
2293
2852
742
4061
2515
3128
3704
1112
1003
2706
1756
3395
1049
218
3563
1741
240
3521
822
1114
2657
1461
222
3975
2759
1181
1694
1135
944
1568
2257
4440
4316
3972
209
2173
235
3038
1216
3025
3472
1776
3790
1061
2505
2076
273
1794
192
442
2540
1238
3137
2111
229
1312
1991
1687
1501
1135
2578
721
2302
1267
3677
948
2255
1867
453
1404
214
182
1436
348
4811
1560
1379
1451
6071
1318
3568
1873
1110
967
961
1211
1565
3704
4422
364
284
1263
2692
2919
399
2709
879
661
2951
1706
1985
1175
2851
1365
160
3746
373
3467
1089
2846
2424
1164
163
800
1712
2169
3221
1171
403
1269
1489
2745
145
1125
2058
2449
1431
2028
2833
157
247
217
2654
2496
1718
1739
883
495
2154
6078
144
950
882
1453
1782
272
1447
897
3251
2464
2854
731
2405
1682
797
3990
132
630
1103
712
1585
1360
1512
3491
2597
2869
2084
1171
1822
254
1326
1639
1125
2069
1512
1060
1026
3851
3436
793
924
1070
190
1106
1068
1335
968
1314
244
2932
1346
2508
1200
2770
2018
4040
160
1360
1094
1257
273
2845
1145
2427
1163
2019
998
451
2341
1283
1467
2625
3567
2195
2716
2683
231
2921
1224
595
382
1280
3021
3522
4507
1239
225
1683
1462
1063
2830
1138
2970
1258
1004
1507
5066
1093
2334
162
284
1436
196
2741
276
304
1301
2643
2350
178
288
2587
1132
1331
1989
4364
3694
3693
268
2838
1376
305
942
458
2385
