253
448
43
1121
1405
61
121
219
236
591
1185
256
930
201
496
229
348
379
1372
1620
541
138
154
1941
248
280
958
185
185
117
194
900
2045
37
597
118
804
255
392
345
804
176
203
700
2034
1811
2106
823
1089
387
309
36
938
1466
266
2060
700
238
99
367
338
1321
217
1112
539
341
26
352
224
786
802
825
1148
96
22
200
764
400
2703
301
61
1129
498
37
73
885
831
30
1504
229
547
25
848
193
411
128
1269
1305
354
289
39
213
78
259
950
1500
219
2059
241
1554
239
281
1275
219
428
627
890
1014
97
578
285
386
197
2167
3456
717
212
1778
1223
202
1481
199
18
911
560
555
220
816
244
327
1086
677
161
279
423
317
282
346
724
92
23
168
680
406
1325
84
255
317
23
1069
1064
437
2293
1224
49
671
846
2001
123
298
1936
199
2295
150
228
280
1027
31
280
156
1126
2095
769
16
278
715
1082
1482
1643
927
64
2089
305
260
1219
322
40
430
240
188
130
3229
130
935
1744
332
2025
445
679
537
1392
212
1413
1198
515
1222
362
358
50
584
1295
70
326
291
617
92
1374
40
23
2736
186
163
709
274
259
1237
267
188
555
401
240
452
555
293
255
1236
162
380
617
1323
314
541
308
61
351
1045
2119
22
252
371
329
1195
175
162
2737
297
149
820
315
1180
212
248
1178
2061
454
2246
924
429
629
344
407
389
68
1669
284
982
78
424
245
288
1793
350
245
1274
242
812
609
178
18
2051
390
494
245
29
1198
1212
349
671
198
1042
186
714
1263
1227
207
1013
243
1756
162
289
1388
158
328
26
721
180
226
341
1541
619
2347
288
234
1233
3003
291
683
819
480
461
1308
298
532
342
349
845
547
2589
302
1069
301
203
3015
117
1605
44
163
286
316
410
201
1147
849
125
1206
34
324
190
163
278
231
660
1719
1228
238
645
29
415
331
1298
92
865
28
2270
207
1995
26
29
1065
228
338
268
497
662
2288
1631
159
212
218
373
185
223
264
272
21
37
49
200
723
1279
242
1956
568
818
328
346
814
140
531
2276
701
471
1715
60
2175
1742
546
200
1482
1736
2661
211
271
2160
1359
529
248
279
173
1002
283
249
570
1027
392
266
894
182
304
1089
246
280
155
225
313
1827
790
61
544
437
947
87
1017
476
1498
296
425
214
2241
908
18
1048
2638
641
1855
129
1062
909
1010
258
16
495
865
329
1270
106
264
158
885
161
158
2040
251
333
350
421
191
144
1293
2175
655
1475
352
413
47
740
419
25
331
146
1041
29
837
85
338
61
298
1327
1893
523
641
427
196
226
362
1205
310
375
1368
17
1257
227
2270
239
164
628
198
441
440
36
1022
575
109
723
288
229
374
2006
1254
172
65
308
226
592
255
1071
1549
270
594
201
1733
150
1533
287
1152
61
501
1261
2000
47
268
1032
835
384
178
1271
157
853
198
1227
50
2114
199
384
1896
1290
2812
843
239
1155
453
326
1050
157
303
542
363
1144
209
2019
219
1052
341
330
1891
169
151
1561
719
1550
137
616
275
586
1400
396
227
1913
867
530
34
197
283
597
152
374
1649
77
695
34
573
138
383
359
607
282
1033
331
2040
265
1259
415
141
505
769
1906
206
293
117
296
134
732
953
824
617
2834
168
480
1520
267
315
388
318
1053
245
87
558
1296
276
25
408
624
742
1749
72
435
433
268
1052
204
32
464
193
354
324
180
220
833
521
242
336
461
660
58
679
300
490
786
18
171
634
2140
667
828
53
156
230
1302
504
309
661
172
1556
208
839
318
165
702
190
437
216
586
189
352
39
119
441
2211
838
552
196
979
39
34
277
1171
273
42
598
80
651
155
241
225
398
281
2062
740
1605
1730
427
276
887
1178
112
1082
311
189
281
37
168
1611
44
270
57
2599
940
343
26
1330
36
714
1144
538
387
762
285
48
17
244
92
23
286
2409
144
191
315
407
2064
267
1264
1019
241
372
401
204
670
635
2228
400
749
317
1592
152
216
25
3082
292
1055
69
706
316
112
368
73
424
265
245
1101
2018
56
254
1344
54
350
3149
1375
1541
264
1257
957
842
355
1086
1405
255
621
464
45
370
211
251
1998
223
1554
178
1016
108
314
241
382
1435
137
793
51
198
442
773
265
331
284
436
1013
675
31
1778
1986
26
1017
138
38
1358
359
378
169
134
456
2612
318
1469
198
182
772
190
907
1542
302
276
246
202
596
177
1287
390
110
934
421
1102
241
224
159
37
177
19
167
1222
261
113
2009
93
306
922
2388
1383
2183
353
1586
113
422
270
199
2
151
1056
24
1621
362
305
256
506
880
987
325
1033
1182
303
183
31
372
66
21
610
260
753
348
1999
2429
991
779
141
147
177
858
288
299
1071
1344
1370
249
151
480
267
284
201
1777
391
1095
231
526
219
45
270
171
305
317
564
1085
237
441
148
1764
443
312
635
1138
303
852
299
585
658
929
310
1320
1604
910
193
62
461
264
407
193
2263
70
240
1374
332
1426
184
552
1652
725
1313
147
668
849
11
301
531
289
2962
43
47
35
2156
216
370
301
775
573
278
1165
336
1623
25
3861
236
374
238
248
231
395
58
1975
355
327
579
1348
481
273
1106
165
809
343
236
808
210
71
1391
152
47
878
186
208
2110
90
1988
1185
503
1246
514
1423
179
268
225
948
690
1263
711
68
1008
241
77
1313
1026
254
981
285
373
290
407
557
567
1481
174
2281
186
371
1220
380
303
335
246
597
1366
309
271
114
282
159
789
296
255
747
346
1499
194
1320
148
262
35
289
237
937
294
326
228
2077
170
312
204
298
414
164
222
182
1933
253
148
724
11
455
687
344
340
302
156
2858
451
619
169
1838
351
312
38
558
974
155
206
720
1040
768
943
54
1037
449
75
466
259
864
1644
599
397
361
91
194
1859
251
177
372
201
1441
485
249
1883
1403
37
391
215
656
257
475
2336
547
796
1948
805
99
785
2137
1572
75
1033
568
316
847
474
312
394
398
1183
750
266
75
1034
24
187
356
1669
436
153
3331
459
149
367
235
936
276
885
135
1272
449
269
828
160
159
799
22
417
195
1019
312
132
251
783
124
293
160
60
802
46
256
1740
220
450
1281
18
152
873
1523
445
736
35
1356
1470
1416
232
309
521
991
45
187
202
145
2017
505
365
320
1005
261
2068
65
162
786
2429
697
245
815
42
996
187
181
625
125
1449
715
430
1298
256
509
1149
227
182
288
108
366
311
556
199
423
1367
468
298
137
442
398
1782
334
1633
638
916
1457
211
801
1058
298
49
298
575
188
556
252
530
267
918
697
356
90
150
183
652
199
2935
418
728
339
440
224
23
248
279
1221
52
225
1233
918
703
206
1638
1969
378
686
1363
162
220
686
1053
275
149
388
321
440
2576
169
586
396
153
264
1565
253
257
124
1219
656
866
194
778
848
282
748
328
216
458
3052
543
189
1775
185
164
242
269
1587
786
1637
2174
8
346
175
320
398
558
208
183
368
294
161
1413
110
1194
524
847
286
216
278
678
190
488
352
766
307
127
434
544
457
284
606
1040
247
115
51
381
2295
457
368
86
2110
20
1027
120
342
145
773
273
384
28
683
1284
542
599
411
669
89
1279
735
1067
3029
164
364
1351
198
1134
639
197
35
249
199
255
288
1575
149
659
1577
1108
279
193
776
1151
282
51
224
3453
621
355
215
379
800
699
1370
362
1191
320
2124
3083
244
382
28
572
1580
1318
2477
288
21
2265
392
1653
418
246
822
26
53
364
523
262
65
210
918
1890
349
254
1648
508
1398
1561
146
1470
148
332
404
206
182
2269
76
91
739
240
171
480
283
168
798
250
1320
248
527
210
1242
241
229
418
909
1522
670
422
528
273
379
238
294
323
795
506
226
260
871
859
2598
550
996
1383
335
630
2452
260
1489
504
142
380
534
625
1098
1199
1001
267
1083
160
881
52
578
405
1105
990
733
371
851
502
1503
992
40
230
431
2049
743
4339
723
32
172
137
894
1730
276
87
19
310
296
130
245
710
568
827
426
661
1697
2017
86
29
549
56
906
783
359
402
335
1994
4360
1262
62
38
62
1261
360
304
1220
367
2293
19
1609
1326
624
17
1042
401
228
532
782
383
1095
677
357
258
222
262
235
399
46
132
490
68
221
2546
168
1358
254
632
1602
3057
46
137
1139
674
201
789
439
1185
186
149
205
921
78
205
361
133
284
1457
466
271
497
1104
537
1915
312
941
209
1560
860
448
972
629
1028
255
239
303
847
745
616
57
19
983
262
1017
1062
791
1016
191
1019
327
29
327
96
1402
319
741
973
1007
872
124
889
2130
1111
179
302
133
1241
347
644
1003
26
439
258
337
282
754
1034
683
19
353
152
1150
381
1410
549
14
161
421
2043
1958
16
41
233
736
177
1505
478
45
238
199
161
296
422
1527
593
308
716
1730
635
3084
1016
2176
320
308
568
351
933
308
755
1027
1444
631
331
2263
408
1391
1301
789
1190
520
1429
203
1004
176
276
919
293
175
1333
219
1310
101
66
1890
278
231
890
699
155
1270
220
1403
1315
910
3011
188
1771
495
90
203
737
410
432
71
203
854
770
1443
227
161
275
186
1310
180
213
252
1021
562
1285
606
1019
1386
2614
398
464
2176
1525
2237
148
777
730
945
391
115
839
363
2384
193
2507
38
24
380
1654
1666
593
725
239
44
820
49
157
450
115
218
207
23
229
830
207
190
257
381
403
456
437
838
318
151
724
1627
2221
177
228
597
36
398
302
59
241
435
962
1097
454
2503
369
359
580
277
2218
343
706
824
148
160
456
52
703
354
169
52
1435
1343
415
267
222
717
2802
27
216
23
319
605
928
994
556
459
1129
220
928
1191
322
256
517
740
308
1295
1197
422
862
153
1568
458
220
1873
31
43
520
124
332
311
1503
479
1249
225
194
723
2233
2059
15
1151
1171
54
247
2071
165
1223
369
462
1003
1091
40
749
765
94
598
401
1132
333
380
100
36
1370
2026
566
261
40
40
383
349
143
1187
1728
375
55
1094
333
1287
43
239
1511
790
1348
992
267
324
354
211
1135
1201
848
277
662
572
1039
2390
41
1134
312
206
366
1343
217
210
1236
478
225
408
273
258
1145
1932
189
984
494
41
34
555
276
236
144
498
530
197
631
939
592
241
449
694
1136
1058
1220
3148
513
814
118
363
761
2109
785
632
1696
1311
1770
575
1312
563
1690
1805
1358
81
291
935
1383
1348
382
311
15
280
31
638
1014
239
271
140
262
1329
382
807
317
69
1482
732
1087
1338
781
420
879
162
906
257
2142
315
176
100
586
426
251
161
433
208
183
1176
1212
358
720
861
725
1538
931
1713
330
72
1091
2157
381
3237
306
574
39
938
774
298
21
493
871
222
311
1627
981
427
26
1253
293
445
372
283
640
537
421
1130
1352
1420
332
238
444
402
586
201
335
1239
529
2541
751
495
492
2568
315
477
951
197
184
63
281
254
886
1250
63
1665
1436
40
139
161
108
878
433
1334
60
1203
483
323
113
234
48
235
518
89
178
205
230
589
621
213
194
1206
217
1648
171
218
955
64
68
240
1208
36
228
267
174
1060
815
181
96
262
622
425
1374
2048
844
1070
19
248
232
98
233
1132
224
2266
399
213
410
458
336
658
227
678
1096
413
481
361
886
216
177
543
396
228
300
353
608
621
1128
629
1345
566
268
33
178
143
433
207
680
256
273
1521
934
775
31
1203
190
719
623
2045
216
1875
191
226
2134
1690
1867
19
1235
312
67
1327
565
2988
773
866
987
1092
265
886
217
1339
206
154
87
53
6
174
234
1116
24
47
504
185
118
937
202
122
311
2003
293
431
19
648
2718
984
975
48
