353
157
602
808
112
1327
2267
2387
157
277
629
109
614
2112
938
512
2036
1646
335
570
352
948
683
747
893
2437
2978
1417
844
347
316
3210
1032
726
330
1776
349
402
528
1564
3406
71
591
506
177
139
1065
1154
559
655
584
1523
544
1620
1362
773
627
984
1703
2738
515
1172
62
1092
3348
3086
701
456
3221
1650
2105
83
343
862
650
95
1517
2728
652
3178
1447
155
420
444
943
681
3422
296
579
2433
349
2173
1100
480
1105
1159
701
509
1869
103
742
1190
1622
1980
595
1224
1308
1404
1731
227
86
1346
453
1555
955
4497
1179
1080
808
180
541
2177
1099
186
130
459
1893
1484
117
2734
378
605
1103
772
149
116
1554
1470
76
1870
785
1362
284
610
1645
2821
2009
711
495
654
641
583
433
92
926
515
304
693
437
1607
2660
395
1192
3432
551
2678
603
596
1961
568
1104
864
1202
1995
1218
663
746
448
810
3972
62
4411
1326
512
2226
1882
327
2596
118
65
1503
970
352
522
1338
494
635
1585
590
1064
70
494
1426
863
725
722
740
1432
1557
109
1154
1364
398
764
629
1979
280
545
372
575
64
1574
609
1633
784
436
3058
1698
150
376
1137
1598
569
2843
409
740
366
3331
355
3162
624
570
1833
142
625
2214
512
2970
1356
110
736
811
1801
2189
2307
1506
143
2768
715
513
558
2014
77
53
746
159
1360
734
646
552
649
1535
513
940
5411
1182
2511
743
381
442
1178
447
504
939
1045
1357
477
831
2435
504
1232
693
608
2372
496
2295
527
428
557
1497
506
570
844
145
63
569
1004
2198
579
248
566
660
315
1003
185
2412
3761
492
465
1416
474
1000
1317
478
176
1539
670
513
1871
2216
405
518
494
969
430
810
470
66
543
705
461
949
688
587
2105
380
685
2873
406
2322
598
1064
861
481
573
842
2076
3448
1139
122
4135
484
919
527
689
418
379
2182
526
727
407
316
119
528
1215
463
118
342
3772
780
427
1329
302
708
2197
622
621
485
2170
3509
286
1166
2900
668
65
1699
838
1240
683
746
752
225
532
2928
723
1577
176
1038
630
718
2981
125
570
631
1253
1325
2208
660
3256
1707
754
58
1118
3244
717
603
1227
572
90
2244
2401
721
730
3427
613
1577
549
1590
1523
579
1564
529
2223
1722
446
403
97
1263
449
1667
351
518
537
3367
298
431
536
2545
400
427
778
71
1266
481
438
446
590
2652
1062
3614
599
2303
346
477
4751
551
143
1332
915
786
1450
355
1763
748
872
672
50
830
993
830
1828
448
4789
258
2621
180
427
746
709
691
552
2422
1690
279
2019
2076
90
601
682
665
531
516
1662
450
548
168
530
1369
1480
629
2474
1052
538
2053
508
1176
592
138
726
86
1217
706
133
1823
89
522
307
3618
69
483
3285
1160
83
1706
657
690
593
1103
113
1167
2377
578
507
459
929
575
598
595
458
114
584
71
88
156
1384
414
1921
604
87
803
590
686
2499
621
808
1487
494
953
1504
317
442
678
1654
1093
1172
3848
1132
919
2412
187
2912
2912
392
697
2447
2287
337
3534
493
439
499
3744
2350
910
545
670
354
664
519
2002
996
656
434
1057
1548
1898
663
534
453
2966
1762
595
589
79
675
2494
2599
469
763
508
690
2543
821
1318
440
1345
101
891
559
892
827
463
1787
1053
186
1718
1015
830
2134
568
427
412
3841
1519
1402
4230
1038
61
677
2428
309
69
1285
531
453
81
1092
493
506
722
366
2322
200
1163
622
404
1707
1534
367
868
1197
393
2876
400
589
763
434
955
315
520
594
109
117
418
428
1583
2318
573
575
3955
1197
565
2441
1427
645
74
671
1226
709
696
151
727
573
1629
941
363
110
1034
274
663
220
389
511
2339
3390
1179
1297
426
973
397
429
567
855
1420
2068
620
860
86
1893
73
2225
699
3031
625
527
1287
352
740
765
99
2056
1139
87
1179
338
290
1240
633
412
988
3345
2573
1331
605
526
166
714
496
851
653
1697
575
2557
617
721
1189
1685
962
913
662
568
1875
2336
1660
360
2469
545
678
2262
218
753
1131
2092
74
666
174
501
1904
1551
834
3998
355
2336
460
517
1372
380
437
2277
1810
109
1531
333
3404
466
1416
446
468
909
3111
2512
1598
4501
2224
591
1441
533
416
1878
518
1118
538
1721
313
463
563
3394
654
1406
732
1289
393
2609
413
452
654
420
2335
1445
1106
2732
336
1278
595
451
1074
1815
914
596
3358
130
1522
1207
497
1027
79
413
624
1030
237
957
2388
487
1389
365
153
1141
139
867
375
447
866
341
715
58
1005
642
1593
476
640
2830
563
1602
85
123
836
329
632
1543
2767
502
739
753
443
339
1354
2032
1206
1022
509
4419
456
1040
2600
608
351
688
466
956
1360
703
504
2764
955
2587
663
93
676
944
1146
1521
2473
5094
1521
304
219
1382
219
860
773
512
1420
115
993
694
738
895
49
718
420
651
583
1345
1056
596
942
871
824
1019
1278
185
1432
602
1010
411
1250
94
438
1003
4059
1070
1479
48
1639
103
250
391
2284
1143
595
1520
417
560
2164
1707
1086
2353
501
1368
633
967
406
78
1249
358
470
732
550
1411
462
1297
314
248
453
3521
1262
1097
615
1567
2140
230
629
96
409
496
1741
444
1176
1219
1538
110
635
612
643
5066
737
3738
1073
1242
3009
3289
995
1333
84
571
2327
310
964
2255
506
411
664
126
208
3008
69
708
190
3632
1489
1199
913
135
2029
108
1144
2066
1028
699
1075
5177
1143
816
435
757
1210
197
1602
83
531
135
77
556
3920
1222
2963
398
2670
98
609
739
633
889
557
483
596
1433
2315
355
1861
1317
852
1274
546
836
748
709
637
1173
1378
1352
2948
1697
946
1302
297
1425
670
2684
329
1408
474
77
4096
714
1737
149
532
1078
514
335
385
817
120
89
552
605
2069
3117
154
655
658
1437
480
2221
1669
1249
465
1110
230
704
3965
2347
2745
538
2216
2038
1611
771
1501
614
2382
574
541
1093
1031
927
91
713
1705
614
600
877
615
2770
612
2673
548
1784
326
709
352
1281
525
84
551
439
128
1176
848
1463
152
649
2448
328
483
1674
207
543
466
453
1564
782
1367
531
522
2196
573
781
666
389
758
531
721
1860
1374
302
2995
3395
144
926
1284
144
1093
2378
765
866
396
330
646
2710
569
559
3470
473
2346
483
482
920
165
493
1206
2817
584
2558
763
418
554
456
612
447
1368
2326
80
380
363
338
1750
1842
1900
517
455
442
86
1942
795
701
591
301
3686
1375
374
747
1646
155
4010
2231
1240
3718
670
73
575
2100
533
1436
221
646
667
494
355
1950
1675
86
434
385
1766
1147
566
2741
623
486
641
1073
567
1747
1976
928
2066
2391
609
352
115
775
1467
563
1257
950
591
507
117
516
582
929
1491
586
466
3395
4196
1627
1150
1457
605
403
2486
499
587
1657
558
555
680
91
606
296
1111
126
104
422
2055
2650
2370
648
304
800
709
669
540
1498
3204
962
1867
562
972
111
594
610
686
3012
591
494
602
553
612
1149
1669
621
1081
122
2924
880
802
596
319
441
1112
2313
697
108
1870
770
811
1185
1428
600
610
1246
550
2334
465
2903
1428
467
186
828
595
854
333
2905
452
170
1941
623
2519
3151
421
972
3036
1461
506
2253
1570
350
1058
1554
97
590
580
526
4768
1105
2611
169
1226
197
62
97
2903
589
504
670
702
377
1493
805
160
624
1646
1032
535
2044
539
831
161
1309
667
3159
133
4690
454
565
867
573
169
3316
680
747
519
546
534
1378
742
1137
2412
1224
669
1951
421
609
1696
584
191
2370
340
183
1789
487
449
82
336
3626
481
429
205
1159
3417
1844
870
2142
1179
995
2404
1130
1612
425
472
579
1345
972
2071
841
1250
277
1696
2741
542
156
1748
512
1367
71
431
917
811
853
1348
1566
1184
664
991
2464
404
553
874
1736
939
767
595
618
1297
1804
532
666
441
359
641
58
464
1591
460
648
579
1471
867
84
2157
406
1746
3438
640
142
766
330
87
1844
580
650
574
1430
566
747
460
3854
588
1504
413
1350
562
515
374
727
483
107
593
663
455
615
897
119
3747
636
423
1665
67
1395
1059
1359
851
574
517
393
1290
1531
1429
4694
1098
890
745
1124
453
3364
604
1726
521
1291
616
361
298
158
175
1128
1875
640
385
525
1356
1835
1552
1848
80
1795
930
317
718
537
721
513
492
548
1502
426
314
2825
1066
2855
951
433
170
418
2544
671
438
499
549
681
1366
927
1585
549
2470
853
582
589
2646
2476
123
131
899
570
1270
693
680
651
3848
1051
1466
123
87
2506
1276
81
2680
1139
317
1498
1548
3640
2982
1982
166
607
1381
476
669
810
1686
1335
664
470
911
785
907
752
275
2046
6205
1353
180
1679
124
366
912
1491
1240
3317
644
467
604
825
4318
152
831
586
776
496
544
1238
1803
1576
671
1698
349
2220
1046
606
1738
681
216
381
1588
567
92
621
1521
372
492
2173
694
345
6147
652
305
1551
299
730
400
152
1535
558
97
677
2422
64
966
2252
447
395
1488
2083
285
828
1022
524
1451
87
1949
2670
2192
608
592
570
556
1748
206
1210
411
532
1326
415
590
420
486
3403
1080
379
545
837
121
688
125
1823
1186
638
3346
173
365
82
1356
4078
313
680
1135
428
153
573
863
393
2863
654
1640
527
1400
2033
1304
634
460
2032
680
941
386
2208
549
312
379
568
822
749
1131
503
924
1951
1043
660
418
594
624
1029
673
3149
305
783
450
2386
704
838
1808
517
1549
3424
1311
1541
1370
784
138
633
1193
386
425
118
1008
490
1179
527
391
1937
1508
593
167
389
1502
1208
4565
769
1548
659
815
421
94
723
713
434
579
2177
390
162
554
1992
4093
1745
1000
430
88
2354
3182
862
767
480
1202
398
2052
892
367
131
498
1287
100
1753
475
325
462
940
981
4158
505
1224
621
645
405
2244
426
604
1103
1926
1125
1663
1464
550
1251
1095
392
565
802
1299
485
1167
822
79
402
417
5278
1405
1880
1079
398
693
594
2547
493
321
514
672
3086
1560
328
879
2340
494
59
571
428
645
910
1338
391
508
789
649
709
373
1450
2104
2163
921
2830
1649
1461
492
533
501
633
1028
468
572
701
473
396
766
1358
981
791
96
875
853
1056
495
1010
704
1317
568
1698
549
525
627
808
334
3134
795
723
214
959
87
3795
625
122
2259
732
280
124
859
1236
226
3049
1474
464
632
1506
795
74
416
1105
331
2257
1099
1197
1574
956
875
181
2278
1471
1839
3831
528
792
2504
331
2287
1056
1245
506
799
115
719
625
574
714
1131
2655
363
966
1191
696
2163
1859
631
393
100
919
1422
1938
129
447
3492
4403
1339
406
1069
63
461
1284
745
657
1465
1090
1824
1091
892
541
652
1564
494
1537
4801
575
628
100
954
2753
2393
355
3924
649
85
1087
366
751
2819
2694
1808
974
559
869
369
1636
71
144
858
1131
398
454
610
143
580
614
1098
1637
3204
834
242
530
631
490
3033
889
2006
580
2603
450
2003
421
683
920
534
3180
510
143
1515
58
728
279
1287
471
1449
939
1511
680
381
2055
473
967
657
1195
528
1211
456
2201
576
1094
585
566
693
2102
619
563
652
359
646
696
1366
2251
1645
923
862
734
817
504
801
524
119
1390
578
522
636
1701
1650
3395
1122
1813
572
1967
603
786
586
4106
559
2750
1022
343
590
1069
1188
2405
1751
788
2086
673
1497
1755
96
943
953
157
462
1582
1692
2066
1174
644
1704
949
1016
2498
1502
81
129
591
1358
113
597
463
1019
3628
1505
6451
1413
1888
1196
134
414
80
807
398
1588
2847
660
100
89
847
688
327
504
1379
820
1349
685
59
517
1373
634
2443
3119
215
123
1011
186
1601
1444
874
560
462
488
491
6463
2222
157
2775
326
1349
127
619
629
370
60
574
185
489
2222
387
599
764
657
2120
922
558
3486
90
2418
2218
1018
88
340
1352
1011
600
2622
324
582
1359
397
521
565
1371
1280
716
452
563
488
619
358
502
781
1164
417
611
81
377
85
314
570
78
618
696
490
421
116
4103
447
1727
526
1304
2517
390
5286
106
2101
1387
1278
657
1258
1522
971
329
796
1473
375
480
485
1635
189
1273
404
585
348
694
2120
1582
1406
783
430
76
1381
1183
2013
607
943
3089
665
1579
579
2273
1750
980
1433
91
1019
1533
558
511
606
575
1529
1486
1105
230
1573
798
427
2002
1557
2761
1157
330
1706
301
479
1663
1441
656
137
995
770
1190
226
2762
413
597
1506
1509
1692
1764
1566
3334
2076
2700
565
1262
507
2406
3327
1202
59
1746
571
593
781
613
559
651
1663
2074
441
164
632
376
1453
641
90
599
3264
42
1885
1364
375
2029
635
1867
1218
375
518
491
3432
369
427
458
3249
593
3270
104
449
1382
667
361
2103
556
986
106
555
582
434
1407
866
924
561
2586
661
637
1272
3018
499
1124
4106
1861
284
3426
856
68
692
1080
536
52
888
1175
543
843
1140
439
1619
366
2443
1129
494
621
61
2950
819
588
619
2366
2383
1520
122
1800
970
1960
411
458
1455
97
470
1870
454
524
1650
71
674
2957
333
1904
1715
639
193
209
459
1724
3146
548
1709
956
1318
329
2216
570
2455
1781
1365
560
1513
4790
1457
525
2434
1126
604
581
1175
1391
881
932
932
220
1773
86
1262
2333
542
1065
543
447
2602
398
400
567
719
1679
1984
110
778
620
2222
1275
1582
689
2309
1767
3666
827
627
915
61
859
3777
2432
3274
607
1844
464
1456
1317
1695
1475
771
295
1250
837
3401
3278
1495
4513
186
651
1145
2358
2945
1292
1200
656
113
2663
409
149
867
644
501
1199
687
1363
1126
416
467
1572
386
1337
431
550
741
755
523
530
578
1406
517
397
1967
1508
2628
3724
345
933
563
100
871
649
1095
172
549
930
735
1659
2145
862
1264
3407
352
738
1071
597
4007
801
1177
1362
613
312
403
457
1061
81
212
125
1155
515
795
124
595
91
365
524
2530
2079
607
617
664
859
517
487
2092
1015
299
1412
4474
113
513
88
60
1545
105
807
1273
1735
2009
1110
1122
1973
678
598
1627
2131
795
119
1309
519
515
1396
676
307
546
1343
1047
909
568
2346
1640
734
1686
910
581
1045
611
430
820
577
805
3415
342
108
146
1157
368
808
651
2175
1011
579
475
1350
3782
2834
64
2119
407
2122
735
533
543
177
403
1579
923
842
602
407
1853
2027
690
86
1376
1489
195
324
676
984
1701
771
124
586
315
217
2474
1238
617
375
3316
1070
546
617
108
140
1365
982
766
439
1832
669
2553
780
166
528
1204
323
2052
829
1919
134
434
542
1570
818
2314
1188
337
1920
1822
1757
644
90
139
643
677
543
1656
284
1126
519
2193
60
652
318
1470
1125
2037
3322
146
140
1693
1270
755
432
985
2367
675
449
531
1615
1018
639
2973
71
817
555
642
2026
3309
387
1514
555
1028
212
90
911
943
597
600
500
366
802
1186
770
775
318
1339
523
1557
1942
1058
76
700
524
471
1192
519
1060
1423
2181
138
1569
625
157
910
2182
330
3912
997
1711
681
748
1233
3220
1350
1282
2686
2296
3058
917
1763
1194
2220
2847
2408
115
667
1614
2410
1892
610
973
771
356
607
1255
1739
618
1595
455
586
1135
172
921
579
1400
2459
946
701
549
1547
748
948
170
2485
1419
1822
2399
1433
511
877
628
1091
1872
1099
1679
496
695
340
973
969
398
413
1088
550
497
69
1976
2549
726
117
1105
1555
1141
1455
2255
641
1400
3024
749
786
200
1812
370
350
706
352
3921
688
5424
2898
1255
602
591
117
1033
533
197
1440
741
1151
792
373
531
70
600
113
875
1565
619
676
2226
2205
843
567
1664
337
2322
689
984
618
120
554
597
1024
932
753
1693
2273
2487
770
719
1041
1087
848
1346
327
543
380
2116
962
517
1264
4346
1332
947
896
3645
549
667
966
1365
585
544
175
717
595
518
1942
309
1730
144
2744
2154
136
424
241
458
341
1159
2717
2381
438
161
2112
909
732
431
310
596
912
610
134
449
756
801
319
490
661
499
999
1100
582
564
2272
531
484
2223
376
2132
156
243
569
444
2002
152
540
430
1868
1455
535
252
603
1101
848
2408
3646
1679
1956
148
495
488
507
213
128
696
451
2704
1997
1313
364
513
3015
603
486
723
540
772
538
1121
531
522
776
2550
2174
515
947
1219
1004
844
1763
506
402
743
927
821
581
630
869
1071
1262
1395
1128
2184
731
1099
1852
683
1144
573
86
438
438
167
699
889
69
592
1221
1312
632
2664
2550
1724
730
103
1535
131
1819
433
1401
1008
534
3207
679
301
428
3758
3129
3127
1396
1366
2183
255
2405
1129
4731
1253
539
632
1286
1666
97
2050
615
1403
1471
1905
960
691
471
2010
523
621
425
293
463
65
463
487
383
526
1688
326
1249
5516
1340
67
147
1221
3075
731
457
681
534
353
1477
515
2742
388
568
763
3262
574
1385
4505
2035
1508
196
