500
453
1696
114
460
384
69
330
203
444
99
3809
661
990
2297
96
823
78
427
2065
95
1291
4827
1052
1348
212
4525
493
1493
447
927
955
633
351
427
473
101
102
1828
4264
356
1051
516
505
1110
2134
772
2115
502
2061
3370
158
407
99
609
1491
651
156
283
1059
92
2935
117
84
1872
201
103
137
617
381
210
4299
1021
97
880
487
1148
1579
910
406
642
927
1140
88
147
477
1706
303
1617
947
2110
94
2371
3613
6370
52
885
328
139
480
2249
1511
1074
360
233
925
6497
528
636
1562
76
534
711
1130
449
567
224
968
457
227
363
366
4301
2368
691
1308
120
498
712
422
362
1912
558
388
600
1234
2246
838
481
238
166
4224
112
245
6970
80
299
154
2232
200
88
158
967
713
63
978
1931
111
580
75
79
516
615
140
791
894
254
175
418
549
369
199
610
183
183
2949
756
131
1839
285
170
489
879
320
3119
1000
462
935
3121
62
955
1235
1620
2132
532
2141
834
559
215
886
1529
276
987
1233
3996
479
2429
1748
1827
663
89
373
4033
1457
116
1407
994
574
670
355
1783
6824
6624
491
965
708
284
442
1472
70
179
4400
90
118
4091
5070
408
251
818
568
935
140
2214
150
2134
256
118
1217
619
226
111
137
2944
392
3846
5973
128
219
1043
601
220
1341
338
1823
3640
584
4839
300
2275
364
1239
650
1604
243
1621
2158
699
1119
780
266
91
367
417
301
88
235
174
123
1322
4023
1007
120
414
1009
206
484
1156
5483
262
272
89
633
4755
1464
1747
201
671
206
114
340
403
1228
2796
1237
1966
1437
924
949
3016
897
330
239
2292
265
2038
332
2537
729
47
2983
1290
841
388
291
3246
271
566
585
238
1382
665
837
333
121
3952
232
431
121
2510
964
4353
772
1377
281
984
1939
1992
601
400
756
2296
1615
2441
1824
79
4742
922
326
85
2522
9094
376
889
1408
351
528
1887
2215
681
544
193
138
90
73
433
115
545
674
3292
3153
489
433
1774
2773
1592
221
4394
3158
213
349
389
267
416
2633
6096
435
666
127
900
1635
100
1485
598
761
338
475
699
1337
73
287
344
773
131
677
103
501
299
700
2766
65
527
635
2222
398
362
1971
579
130
3643
231
126
2038
555
360
2837
439
221
842
2729
2296
462
1484
2111
497
535
1007
644
1333
1839
4122
241
316
4557
247
522
3594
575
1121
738
2120
67
164
926
1846
699
293
296
145
1375
1144
1610
484
109
79
395
113
725
100
228
440
1983
2003
4776
1650
2485
465
6230
434
249
1394
472
1139
1721
125
1478
1241
397
5018
522
1826
6098
1741
202
559
988
117
3024
191
599
1936
1750
61
228
1023
207
297
164
1554
3364
1330
375
1215
181
671
958
321
2314
4464
1444
1501
97
375
2086
737
322
515
3042
1794
739
109
1567
1397
537
386
2918
418
2110
2260
2800
1451
166
1205
205
450
5282
58
1386
290
102
352
159
6446
637
2202
139
738
2111
548
908
125
1939
236
708
1374
932
66
355
271
536
5146
4802
1457
5640
872
299
143
2180
199
90
322
754
591
886
226
515
3971
446
338
453
413
1572
94
1201
441
359
143
1449
1014
259
748
314
370
230
426
319
3524
539
562
300
555
1134
1208
804
534
581
1140
1936
1507
1829
329
3211
702
554
825
2786
522
1617
1968
1280
159
278
96
1356
452
169
2455
2976
347
2409
173
1002
256
2224
345
2117
528
1604
1899
462
2092
540
69
330
2126
1256
2515
231
246
1235
3190
714
192
2333
1308
1032
1252
1030
3466
2049
427
243
428
149
4594
517
830
1761
593
136
440
395
1019
174
1102
214
99
634
145
219
2631
954
4349
209
1396
115
1460
369
323
986
340
48
1324
368
1387
575
945
4869
980
4322
410
708
3485
538
1466
336
132
3945
693
4585
576
1214
1714
1172
739
2181
1060
509
228
862
6954
143
256
1005
1901
1207
209
353
4810
260
577
1126
1987
1695
2978
480
1988
1240
3016
719
2923
707
814
142
4797
535
3303
292
617
1334
1974
2336
4534
3687
689
1461
103
5606
602
611
374
2508
394
410
2209
65
570
4317
385
364
115
2318
667
2073
770
2502
225
465
77
1803
1074
387
983
743
3090
1321
244
933
839
525
242
486
1275
485
168
2184
668
831
2250
1459
459
1007
2072
460
82
2195
1018
483
1934
1520
184
1435
970
747
308
2443
518
475
553
882
166
1350
231
9617
1400
151
392
429
2806
2787
168
3972
377
1850
2120
1015
328
369
546
1213
72
955
4648
282
54
649
1627
2727
1754
1300
546
662
501
772
358
373
367
1518
150
241
2842
1439
226
346
820
252
2506
4317
169
504
602
316
1310
424
118
772
1429
238
756
1323
85
689
542
606
212
1979
623
2095
853
5225
261
770
4770
515
229
513
862
503
71
585
222
297
822
1743
1612
2598
103
768
914
100
720
239
713
1430
270
119
637
1790
2258
614
481
216
481
874
2942
4723
633
593
1683
2327
281
817
760
4806
659
89
625
221
1097
500
1350
2177
1091
3018
600
135
3634
119
346
4979
192
1261
1228
326
736
1774
183
551
147
5791
93
339
1449
1533
58
1435
2034
126
353
223
93
584
1409
586
357
801
372
204
569
607
1592
434
2193
391
1025
217
134
659
456
974
2266
2505
95
1808
1358
268
211
452
2026
145
315
1657
110
705
630
1216
1965
1190
2206
971
403
4398
488
642
226
1417
1200
1387
436
723
824
2620
456
1003
257
119
149
2802
295
2303
306
719
633
622
246
461
61
1012
1099
526
564
192
1010
68
533
87
1806
732
659
1658
1185
1921
1753
1391
4563
596
1581
508
332
2133
3061
1854
297
1230
1142
4290
78
72
2029
453
459
1766
1314
1379
322
1138
1303
115
345
681
465
2183
490
357
3698
4607
4993
1806
330
122
4872
529
763
217
753
650
685
489
189
95
795
324
1929
137
530
781
459
952
258
2603
848
265
197
252
423
156
378
226
76
892
2006
1163
547
2775
395
255
2835
271
2375
1122
834
124
1175
4998
618
171
3167
327
1358
622
899
191
1006
371
1192
868
333
1018
602
564
1402
80
56
1325
455
108
211
334
509
780
104
457
687
140
643
1315
1700
218
749
87
1972
1067
1216
125
83
1144
501
291
5654
143
244
1886
1303
3501
557
411
417
812
1098
397
5252
3850
794
453
349
951
1295
4998
279
7884
405
50
1101
2785
4729
130
1162
1101
3088
1170
414
1277
215
2054
1034
76
4492
2115
251
514
3328
2172
1435
318
326
441
177
1181
378
1703
1189
2223
429
722
1263
1452
513
760
810
6169
657
881
345
337
88
1040
715
293
2645
118
176
271
1276
3160
234
1745
384
337
892
1124
2816
1679
252
2057
6574
324
126
1783
519
886
1794
1325
675
1106
1652
159
2028
249
1598
114
316
2497
412
968
1966
949
1980
2120
1934
691
1896
485
5138
2585
169
1021
376
1835
266
4699
197
193
456
108
81
1394
1182
246
2624
507
316
895
702
1455
93
1281
495
194
187
421
1015
65
103
487
1725
109
103
135
231
1765
293
1201
631
198
178
1419
1902
883
237
7099
715
91
116
360
2173
205
373
834
498
3203
178
51
1096
263
979
436
409
1729
742
66
84
338
370
120
3147
5257
498
515
1012
2622
2129
1093
2688
886
453
4028
3037
157
453
888
74
2307
377
348
4029
224
1672
2763
2211
525
1463
2170
112
1526
3484
364
56
58
4957
4083
1400
1110
99
1284
549
255
631
1967
1979
207
267
977
448
1098
597
1193
520
321
2066
495
352
4305
780
219
971
1105
160
655
1345
805
1626
6812
403
106
161
1631
1109
1325
886
5775
420
539
1304
1134
74
2144
259
3547
118
640
691
1604
1041
2395
87
110
259
1895
105
5939
152
511
3099
721
352
123
7274
948
751
1121
632
107
623
473
1281
3427
462
596
639
6592
165
322
332
224
279
245
314
1799
364
1214
2436
2860
1826
165
139
101
1072
118
1826
532
100
542
107
500
2353
138
551
2235
103
902
442
593
4546
360
363
1307
2014
572
1534
370
730
126
1222
161
357
338
1474
1516
757
241
235
403
984
537
1551
2140
153
230
2126
1189
789
2812
5145
445
489
2306
2950
103
2190
98
169
521
1597
185
366
348
321
1439
515
6576
382
486
291
62
267
1739
120
5697
97
1059
50
586
1098
768
534
156
467
100
150
2122
1069
541
1858
3415
250
135
1708
1008
296
1038
1100
247
3366
2400
1114
101
4821
427
59
504
171
110
1497
1405
175
1264
3184
1215
280
1376
44
1030
1267
872
74
1607
749
474
416
484
737
1050
1714
237
1925
843
1604
1220
229
169
489
146
166
2623
215
487
1162
122
494
470
1270
86
86
1430
923
103
108
439
104
465
797
205
2337
784
501
584
487
906
3307
538
1014
169
4058
1078
861
2868
1365
102
334
1589
629
3249
761
989
143
612
440
165
687
479
2555
636
604
302
446
2297
329
281
1742
538
208
394
116
1888
117
1077
223
218
3186
914
427
525
2081
124
61
4400
57
194
194
431
160
419
228
132
458
5023
3189
275
252
183
102
1374
4892
1192
354
1125
1830
394
255
351
466
964
379
950
4351
500
81
98
713
1746
1507
363
2166
513
1680
222
180
2146
974
214
2337
585
99
370
3179
4978
3713
1754
284
628
778
255
1572
1425
518
1221
2330
1038
374
1393
1640
285
224
1761
245
1905
62
868
616
2076
657
305
2955
212
52
436
126
550
400
1878
216
172
303
564
756
2235
1670
102
340
92
1257
912
610
307
98
596
151
708
252
2987
962
128
290
474
345
1049
167
294
242
1252
1228
957
244
2050
5607
2223
806
328
875
1493
1520
1553
607
695
1673
2489
1798
796
448
818
584
1993
2245
242
4033
432
1692
1020
161
76
438
313
422
83
3116
678
5397
143
131
1388
2365
179
3634
1097
50
1550
1192
285
3836
662
4807
175
6821
131
541
1869
100
1363
334
1071
1477
247
398
5299
327
5391
438
48
93
1774
1993
320
2167
4630
82
630
173
541
1636
490
1484
650
281
556
844
234
426
5440
3148
1005
91
1432
478
638
1639
1015
469
578
1966
869
775
1132
916
683
1367
42
1433
1045
161
1590
518
175
65
1041
166
211
127
67
1564
621
387
4470
248
4547
247
1696
484
212
369
775
495
1935
230
339
781
641
236
346
448
585
154
112
2544
1298
1835
2725
64
1471
181
1097
353
678
243
424
278
1057
1487
309
166
393
344
1215
224
260
78
646
4504
69
130
2125
889
1668
1138
1625
569
589
4477
265
479
338
4171
1679
595
770
422
4511
2311
519
2684
1840
87
598
107
2714
1031
1571
79
1908
342
1294
362
993
1607
388
2419
1087
634
242
134
472
587
873
1370
527
5903
1529
552
543
143
1256
2343
1918
489
628
1175
252
2397
1480
1531
356
2417
223
780
787
1370
1950
1504
3769
290
80
599
2753
322
204
1031
625
90
3038
153
95
70
2657
1907
1289
179
1848
372
6693
508
488
251
3627
655
2469
999
577
115
2728
94
197
1354
628
828
141
2364
589
718
146
436
5079
856
156
1437
400
1996
3444
490
2214
56
138
258
1234
768
797
316
270
1065
2769
137
190
364
709
2098
48
3511
397
432
1047
1167
86
6381
1342
185
139
719
632
106
82
5609
724
1029
1527
146
2562
55
142
1711
2271
146
3227
3150
620
744
226
609
1115
584
722
935
443
118
509
191
156
2768
963
1180
839
519
2370
322
692
1262
381
1681
73
713
2152
103
472
5209
178
1676
115
542
424
598
691
1209
1274
750
596
957
78
1715
2026
1773
824
938
607
1317
1734
4113
569
2476
1982
428
698
620
45
106
492
995
1354
100
2097
1450
1880
376
1249
4710
650
639
1619
2232
143
1054
726
120
2765
445
1634
955
578
745
495
344
337
517
2113
383
1330
565
94
613
415
2666
4964
1189
983
911
303
373
1030
4402
7665
3135
584
850
5010
589
2339
983
405
2036
2059
225
609
2091
284
342
1047
89
3572
1987
783
135
129
1147
2095
113
191
121
300
531
180
688
749
1965
751
479
265
401
839
1024
4167
1309
1160
1608
398
680
261
386
1936
2651
1836
659
1499
941
413
1960
541
607
212
208
408
1695
1375
581
143
5363
1040
1011
6941
3279
1509
2094
101
447
1960
602
136
242
1352
1539
1134
1189
560
942
933
1843
253
2487
660
1906
69
88
1236
1101
321
585
3408
96
488
295
1566
781
262
1173
1359
1399
963
2601
539
86
253
4796
192
617
262
215
4821
2116
311
6566
109
374
140
226
777
355
1870
1435
157
1362
321
614
3332
1027
2357
1316
2920
634
2012
2036
340
2817
1280
398
98
383
4760
811
527
2844
710
241
491
1289
436
875
1645
262
1032
3365
1203
711
168
498
2015
599
1209
2519
1006
148
7132
1081
3838
335
1438
940
153
1475
2590
436
432
1160
487
539
1606
2187
1077
1122
3917
2946
1497
480
528
133
271
52
758
749
2331
76
1714
315
1118
269
1924
542
409
543
4459
525
295
5715
787
300
189
404
228
908
2044
2990
628
3361
2749
1627
1272
382
93
212
784
1938
719
91
275
156
770
1520
3128
517
516
395
591
64
1850
512
220
217
151
1540
175
1603
2943
1071
135
1026
1006
413
300
5380
318
1096
102
284
408
2150
469
682
96
671
2594
516
5385
595
767
1327
687
1261
685
261
1743
643
1308
94
154
1792
209
5375
580
647
2103
3022
1404
2897
63
999
702
423
598
3369
562
582
694
546
936
510
357
108
120
4559
64
470
2424
602
2005
2731
1001
4361
1249
735
3458
1290
753
2443
1234
656
547
299
5360
2276
346
81
277
574
2189
3636
333
586
1187
6926
1263
643
103
2348
3250
1151
712
213
193
535
163
474
343
652
459
324
2632
1477
198
4023
5463
2451
271
333
287
74
8938
573
225
665
1411
90
1271
1241
191
637
162
5107
1509
408
213
252
1013
400
1915
2686
123
1515
738
1283
252
236
515
2931
198
514
4358
1109
960
479
522
973
281
792
315
2979
110
1520
4362
428
665
123
985
4951
537
348
1018
748
1231
143
689
904
596
1526
813
74
1133
545
101
144
3591
742
591
203
397
2104
118
741
2814
1074
587
237
2025
113
529
6035
1250
249
206
799
211
228
539
119
589
703
937
1083
1445
916
51
468
251
737
161
1197
882
397
3658
75
2263
997
632
114
525
696
1712
6469
416
3266
1877
1164
652
1217
698
1977
946
120
142
4485
2835
815
347
519
7541
152
851
124
623
1343
152
413
964
244
139
253
1266
570
3374
671
538
259
369
337
1499
115
57
755
1813
75
268
96
1685
289
217
1352
1045
1077
699
547
1621
2275
864
641
1023
671
765
1301
1493
81
463
2671
3748
379
489
1521
128
1340
1000
2173
229
459
687
973
66
573
517
3451
502
1301
2415
278
242
937
165
1186
282
249
1412
514
741
2281
460
2252
673
1439
181
976
2101
1743
169
331
965
2846
802
1386
2287
6487
244
999
118
957
220
4155
121
239
159
326
410
2571
755
2486
106
1599
966
1054
3435
2112
1896
227
771
4016
485
394
145
115
6339
86
1325
1644
1999
75
2334
164
148
1046
208
1560
2024
1261
485
743
418
241
1205
2121
4600
274
498
72
1860
3174
234
784
389
1633
624
191
183
1231
1766
1213
207
519
1564
86
755
379
173
6182
88
684
2111
227
1514
291
2650
345
1818
108
305
484
1411
2989
5580
1064
1373
525
1145
1441
1439
616
2385
398
698
54
665
424
927
1995
1275
970
2636
1086
499
675
1717
254
1299
214
432
706
3090
332
1090
259
459
1799
147
515
2538
577
333
155
253
558
331
770
6159
983
323
361
52
470
1068
507
2552
499
225
708
371
1444
400
1266
241
1945
2346
153
413
3168
1024
809
5767
1063
5707
1915
2393
127
202
998
2007
1381
257
705
59
456
69
486
433
839
266
128
495
548
2362
244
171
821
588
2414
1316
400
2049
203
1529
1521
234
400
110
574
1538
213
651
492
3620
1530
567
512
922
236
390
814
1402
487
349
2542
1849
660
1075
64
777
234
183
95
143
2112
425
1120
651
1722
1258
97
324
222
1008
987
634
257
2221
2976
852
337
398
374
197
1473
324
2163
1736
369
1188
2376
1383
151
1322
2989
1566
3482
559
1311
508
256
380
553
75
4664
2200
121
930
201
368
72
924
2736
672
3425
254
367
271
365
385
1430
427
488
1061
116
180
115
1197
8498
970
1063
349
91
243
1450
339
921
983
358
165
1292
884
149
1621
187
2482
103
392
322
60
622
825
558
2943
605
410
720
580
545
554
1196
690
334
4886
249
2984
1207
3648
1440
1443
396
985
1429
125
49
610
1049
2875
117
3282
669
1043
89
356
2622
327
1675
547
432
3958
591
1599
3109
917
3614
233
92
322
2001
282
1374
1258
1170
258
853
149
1991
197
3157
119
516
357
472
1399
264
158
2102
690
1123
102
330
385
1588
3462
1648
476
482
1589
2178
1157
1021
1156
1916
127
378
524
331
1552
754
309
402
1553
938
481
1362
543
446
683
1029
2941
1425
165
5245
131
271
281
59
325
157
2391
1032
479
1353
300
1354
120
326
3008
189
580
227
264
287
1742
2759
461
454
3130
1210
66
352
472
203
336
853
345
973
526
612
174
312
1601
342
1606
56
1160
90
423
1078
3024
2606
1466
733
423
1419
171
711
743
1433
282
1348
1933
307
6965
515
3243
380
189
173
516
95
1195
467
96
79
1237
2012
128
892
2450
324
388
920
1747
120
830
721
506
332
200
1439
2026
149
1887
460
463
5342
243
2668
856
3219
3457
971
1955
1704
7547
1777
615
1740
3383
92
2408
443
484
357
610
6257
83
935
123
6595
116
261
2500
795
1107
2394
730
470
2530
103
200
1480
4993
401
1402
4968
983
158
1418
157
285
752
701
211
1869
402
944
362
840
814
6156
95
332
3151
323
1266
74
2026
473
547
991
261
388
5593
4075
117
149
1934
3320
562
2155
36
226
2576
722
266
640
635
364
237
265
656
422
466
777
381
1439
363
638
3427
155
155
601
337
271
75
1326
493
524
493
1433
399
3212
1662
862
1679
1950
124
831
1689
171
1446
137
5654
2415
121
3104
235
216
559
1153
109
661
536
783
1350
1121
496
100
166
683
1522
942
2244
1983
480
1548
1469
365
541
678
559
2369
2846
735
649
959
524
64
735
179
864
542
1388
1435
515
437
224
595
460
1965
1040
1667
198
65
720
6120
130
134
1897
4132
2143
1821
860
1344
276
2755
3191
105
642
1020
684
87
1057
151
243
4399
306
1259
643
84
237
419
1528
771
2402
1314
334
2033
247
202
205
1269
135
855
534
1458
499
4589
253
164
59
1388
2051
692
458
1207
743
382
90
2253
3218
1094
4193
293
626
177
561
3438
303
1344
1394
1333
1897
1530
1860
460
1323
138
887
524
193
1435
2284
300
1083
732
351
202
1050
196
1022
1749
623
1739
119
3091
124
2439
214
206
1513
4691
1986
2541
193
58
521
1068
195
689
923
2476
4073
126
84
1418
1856
101
239
2100
1669
377
1603
202
2125
270
503
728
2126
4841
1244
520
74
545
276
2123
1222
2105
1327
423
1056
226
6085
387
690
77
1325
1250
3090
132
178
1085
1626
444
146
1086
4365
791
2742
965
342
1646
406
207
334
1361
653
228
136
725
537
215
375
220
492
540
392
776
120
316
444
191
117
193
342
258
2259
446
2686
653
485
596
2952
1079
997
894
1064
418
86
1272
1229
245
537
128
226
132
1199
1189
159
976
1902
4991
4679
2684
553
585
685
488
418
1186
221
334
1932
183
1454
2036
204
106
374
602
720
578
90
1081
232
4951
217
94
717
203
2308
1658
189
876
289
280
1840
407
1229
1094
142
153
834
144
636
410
59
1343
286
370
1717
61
450
371
97
168
694
909
2072
209
299
332
154
346
5948
97
3399
3309
364
973
1178
5821
72
109
205
775
1683
4831
4440
2504
816
2079
1980
799
489
94
415
1395
336
298
563
2609
977
1552
1405
3622
1881
632
975
74
3393
582
3100
532
260
517
1209
2923
173
287
1298
576
1372
966
1535
983
249
501
2512
84
1112
1990
310
360
1203
998
914
79
3507
950
2559
1686
1698
2289
444
1810
592
605
1218
192
193
1548
470
573
511
2471
1842
829
1806
4450
1800
240
5684
264
1588
2873
907
519
500
443
661
70
957
61
1322
351
425
508
181
376
1372
2081
679
174
1419
684
172
942
1259
70
1692
167
3131
2035
335
3210
592
282
140
85
510
512
406
78
662
570
153
360
255
1753
103
1370
199
153
1347
368
1935
5135
3701
462
699
1363
2547
175
474
153
621
1096
554
548
5624
427
1103
789
400
427
460
2610
262
551
479
725
965
729
437
658
2407
686
630
1667
226
330
58
250
1198
213
292
1292
44
1284
582
3585
2110
1027
309
958
1860
369
1681
3243
308
579
938
1581
393
495
583
1298
896
1065
618
359
1610
812
2119
366
268
738
1025
809
2210
158
3697
2814
495
2648
2015
449
830
113
158
280
3958
4782
1271
384
6999
389
635
1050
406
58
1262
140
750
367
248
1105
160
1306
172
3231
177
214
1036
140
3096
1509
425
947
63
472
1185
1485
1745
1725
48
1243
302
1868
742
1359
400
965
5085
2593
2332
49
68
2354
998
648
636
243
489
632
283
483
1308
64
3044
858
345
858
5218
304
236
193
651
266
1453
5125
186
2668
248
160
1437
1420
275
106
779
396
2599
285
1208
74
444
1516
2929
4755
690
376
84
383
73
161
893
889
1022
1044
656
95
184
441
279
81
1069
5987
466
936
56
1922
660
507
430
1553
103
1056
281
681
138
781
1673
1274
1274
259
228
360
344
1439
333
437
1562
965
1597
913
231
347
389
797
466
483
496
804
789
3340
224
547
256
619
2102
1180
714
4955
403
249
1789
2062
106
384
1187
119
71
471
948
1616
415
503
290
369
733
155
1165
938
2791
2898
607
2526
3191
1527
1587
376
1560
738
654
1336
1201
337
265
419
1118
231
1269
232
271
624
3290
324
1264
77
582
3326
3090
1956
723
297
914
918
242
7233
2289
923
2203
653
3875
139
401
626
2824
574
411
58
504
191
579
1107
7968
491
115
400
317
84
1290
216
445
1208
5236
1390
546
1977
7480
164
1988
161
370
546
968
4739
106
834
637
2086
248
791
357
662
1576
351
2043
2142
209
1932
2346
612
1455
1516
1069
2046
113
324
507
394
683
177
218
2440
197
273
238
197
1436
245
590
186
361
364
147
970
592
1096
425
561
277
336
387
756
519
294
1465
72
108
2961
48
1620
422
260
99
1077
229
850
480
5585
987
400
896
1560
100
1834
2876
115
109
661
624
2631
4450
256
56
79
99
2107
701
1230
250
441
3062
401
262
442
589
5119
315
231
488
336
366
1147
1139
1540
294
141
199
294
1080
168
1195
513
1293
897
1749
387
554
1185
557
2593
96
234
385
571
501
1752
59
352
426
122
124
1087
937
1963
125
97
2255
571
156
531
640
1863
380
685
77
1834
404
675
1396
280
412
1170
459
1455
787
254
2835
797
312
2257
515
152
340
757
382
357
72
339
2347
166
294
272
622
1322
909
213
95
84
426
1809
191
3595
623
7135
787
5910
4192
307
4513
360
406
532
301
1789
2322
899
749
2575
311
3875
492
61
1018
1401
107
4128
63
3851
88
452
763
2021
899
192
2470
893
1989
170
760
507
1827
1334
344
1041
239
883
371
193
260
478
1780
920
48
446
1768
818
1465
1008
516
585
461
350
1577
787
1324
438
1000
648
1157
1415
5268
5707
413
392
214
3343
358
707
86
96
1967
535
1463
1000
736
983
1386
1053
1029
338
1889
1884
561
1648
656
493
602
525
2514
6917
2726
502
4228
1085
1516
2701
401
600
363
505
598
771
1593
2381
1044
530
531
1187
3822
1070
748
75
4657
1622
973
1506
821
792
1941
2152
2070
3183
93
930
1079
559
346
1265
2932
247
1841
351
2933
149
1287
630
1288
603
329
800
238
714
394
260
448
199
3909
802
866
430
254
109
286
2263
993
459
1612
201
515
716
815
912
373
689
3309
1837
947
119
4960
382
322
2021
239
255
96
390
65
248
383
397
512
165
594
1103
4719
979
2247
2212
559
239
3088
3420
463
1338
1150
1235
3715
164
176
1388
2916
262
672
1340
1525
583
952
1996
1969
269
5010
1411
2096
6467
502
340
2514
1852
1352
1396
814
448
304
4077
541
589
873
2561
814
944
1999
306
180
230
129
583
486
332
105
363
405
1833
108
928
294
2380
94
588
182
1211
155
392
48
605
524
508
4756
1167
578
1648
495
65
688
193
584
907
725
506
511
768
150
1157
1094
54
4710
513
358
431
396
263
1826
2143
414
5540
276
1349
117
1034
414
1340
560
232
477
131
4699
295
730
1470
1595
244
74
239
919
139
6513
3924
1806
299
3087
374
854
4776
394
887
112
143
3462
406
278
251
2509
346
1561
1027
3516
341
1439
2014
1127
422
275
291
963
83
1283
194
695
498
2039
4174
425
1093
780
319
1933
137
4032
99
1922
466
1642
220
197
550
1078
184
8981
275
1781
2885
993
500
1854
450
798
188
238
6223
497
2406
436
757
168
113
415
202
662
126
1045
981
585
1976
427
2010
127
360
600
2359
2223
444
72
761
595
520
100
2423
1009
1353
43
1698
392
679
875
266
258
144
2873
197
1612
894
2223
511
1012
727
98
523
1462
2128
1012
81
147
49
6415
368
6764
561
242
721
901
990
590
1838
1078
1467
718
308
596
790
1745
391
272
811
2400
752
1468
586
428
963
638
166
326
434
6717
2108
1742
980
740
812
570
1471
1481
310
982
2336
158
1919
3194
1125
345
725
4778
553
635
1712
192
1867
2808
3032
366
1958
244
373
497
4415
107
224
202
1302
1115
1323
1391
532
234
1017
628
912
1658
4123
3581
1619
306
384
730
3382
512
860
318
606
2587
356
1000
1431
1446
581
845
356
950
240
866
314
2078
464
345
459
987
5036
683
1301
552
671
359
736
1939
6951
262
3183
398
2896
126
110
1019
287
2891
97
833
783
4155
55
1857
1036
197
2606
477
445
394
5213
3486
430
1639
199
2294
1151
256
603
1564
1784
382
2448
2775
257
113
3307
2505
134
2020
601
900
749
852
4546
627
3136
245
353
573
91
836
719
313
1442
124
750
4295
166
1953
714
102
336
135
143
863
1171
350
196
1736
409
1836
1310
3506
83
241
1098
438
1026
55
1300
525
3564
1429
2269
110
1027
224
2212
90
2359
1951
852
157
82
865
1665
231
192
1431
312
2080
439
148
2111
1982
569
1523
993
3476
2015
177
1447
177
4622
441
1563
172
2433
148
2164
2561
219
107
2073
110
112
774
1929
366
137
3705
178
242
73
369
1995
223
2003
1890
1857
2587
2970
123
4314
957
209
1090
394
300
4917
1654
1720
244
537
1025
524
785
215
1152
737
1802
180
999
253
402
1286
640
1613
1390
265
477
417
378
68
4183
1150
1485
147
136
543
79
486
1686
908
549
149
1870
2299
2204
333
2137
2010
1069
157
195
181
3368
617
356
4288
1099
591
352
4030
147
350
151
1932
505
606
357
242
237
600
1466
999
789
536
304
927
948
344
1379
320
74
217
124
2813
1733
1803
376
1754
1010
2432
980
791
395
866
1026
698
301
631
509
7687
971
99
454
1568
504
566
258
916
496
333
2189
916
93
730
516
914
723
849
221
320
593
831
2115
1585
1645
388
2030
451
136
422
2092
871
380
1280
1528
1552
478
1462
636
365
254
236
1310
51
7320
1767
220
601
1413
174
4203
225
2404
564
191
974
1235
803
240
824
1737
124
2812
708
266
240
584
59
3051
2295
624
1300
285
1058
1859
87
90
497
1213
1275
3127
628
1007
1180
1949
129
884
364
947
114
746
1570
441
116
657
2217
1823
705
677
864
2331
1355
426
511
309
177
258
1434
6548
326
1674
114
239
847
700
3460
700
588
2334
3725
291
767
2174
197
2338
3273
758
1353
1215
1030
2977
509
584
1433
161
7142
1998
130
41
1122
2688
669
850
323
823
4885
1620
212
2290
229
583
1147
670
480
412
477
435
509
98
1837
1230
236
2925
2891
674
765
1189
864
1659
196
590
1662
117
316
457
75
1507
298
2275
4054
1242
232
2061
618
2360
301
1161
4266
390
336
4266
665
1836
524
1418
438
103
697
234
277
262
450
887
166
287
427
997
653
450
1110
959
1499
1236
410
1758
78
782
618
1636
2302
1220
821
561
165
1000
305
164
552
2236
1885
927
5973
2845
343
588
429
3080
1274
2303
895
635
1402
669
690
5687
1911
181
390
312
90
873
336
4909
684
1503
320
1326
1434
188
3543
1694
990
135
109
789
387
1067
324
92
2260
227
491
556
1872
2370
521
2400
1218
707
233
210
5469
2590
1851
1777
444
386
6070
2345
5431
405
447
368
723
652
2049
2406
131
1640
54
2046
999
277
580
1805
953
128
713
539
691
145
497
940
881
159
1680
81
170
920
821
2222
1360
548
8334
1563
2449
743
2900
4250
433
227
239
695
769
211
5624
125
1199
2166
475
314
186
169
232
484
1007
268
162
288
3107
1392
1129
60
1859
321
381
85
1022
239
229
60
481
2254
326
2472
1849
2436
187
5229
1014
110
6390
1184
438
1539
1414
478
401
432
3765
3486
324
217
544
788
242
874
899
95
3014
501
369
1021
383
3606
2907
430
326
212
166
281
1555
191
1344
2891
464
826
150
511
1496
1227
208
912
3000
1125
91
1971
628
281
185
926
125
3922
155
441
107
1618
1578
1294
2066
269
1040
496
2532
772
227
1929
2333
1312
2439
182
2069
1197
2451
398
2201
437
4455
335
1701
140
310
856
6569
2044
828
683
217
1203
881
972
980
263
470
2867
1763
393
700
2855
333
1682
1294
203
393
804
2473
2292
231
842
104
4025
1207
339
87
6832
686
2053
1323
171
1920
326
535
370
172
342
1248
5496
2052
469
357
2377
656
978
561
2285
710
1015
803
434
741
105
221
510
1535
525
485
574
389
1699
1154
2823
414
145
1630
397
1839
4555
559
255
414
1131
352
4903
206
746
2350
2622
1346
495
315
1654
1745
886
312
2706
4018
139
97
164
1208
234
597
699
371
126
716
391
945
163
398
1229
1075
517
772
969
70
2285
203
1922
1415
2120
310
934
1381
175
2485
1190
122
1137
202
280
1008
568
106
1402
5009
698
379
310
4304
178
142
1243
2103
1086
7038
1110
222
91
616
1722
379
307
1028
378
356
3656
319
932
94
553
2064
1076
208
1049
620
501
913
2400
88
352
212
881
133
302
99
441
336
838
480
2851
321
1894
857
1332
5542
414
628
387
232
421
996
752
1175
663
202
205
2769
84
225
421
861
4231
1315
264
613
1750
971
1005
268
225
2280
1449
4967
533
396
857
744
1086
434
1542
1249
91
892
601
2711
3168
1000
319
1888
72
92
772
1289
2326
160
296
3529
474
3758
644
6012
3558
495
1380
1736
182
389
84
464
159
209
56
808
3368
470
152
992
1703
378
2062
572
303
433
1018
1751
4160
1154
841
396
409
186
3094
3256
953
488
1221
523
4093
179
490
637
3752
1747
940
633
1064
1273
1065
732
1382
1633
563
1034
161
1426
123
1439
897
218
1023
878
925
734
1212
726
6759
161
3064
2901
3014
286
1170
458
1520
117
2449
136
534
2089
309
101
481
153
446
1134
1146
1280
487
2873
2096
657
637
926
598
1336
231
224
5233
143
1794
646
421
381
222
1444
1364
756
301
1519
175
2368
1015
5872
776
429
1094
475
620
160
1103
92
103
2034
404
1392
1201
1325
1129
146
434
92
2168
266
1413
555
1449
1004
418
391
829
800
289
565
153
200
1387
495
4512
486
994
640
4218
182
146
869
1621
364
787
1935
570
680
104
243
1575
3461
4032
436
119
2778
622
285
980
4780
536
3266
83
1726
327
1800
618
542
1133
483
3277
593
1359
361
1886
172
2666
346
445
230
354
628
592
1350
248
114
5013
438
147
427
567
517
1674
121
129
1431
329
2231
417
218
791
472
93
110
1101
1223
1668
394
505
879
2473
165
1614
441
193
130
155
254
2353
420
2188
548
204
475
461
517
108
3102
734
2705
307
4670
1429
583
212
1008
2963
767
206
1869
1372
1788
1059
611
1298
63
1120
786
426
157
380
161
1764
1732
562
363
3522
614
939
768
2696
444
1417
677
275
684
2317
6712
418
228
288
2165
55
488
652
5473
706
3777
1418
655
234
1869
459
2190
1225
1451
4448
1714
783
300
419
226
1821
1357
146
170
3681
3966
2118
2796
120
434
2070
369
3108
1119
403
118
65
242
1032
194
602
493
404
709
351
189
269
375
318
643
2158
75
128
247
643
509
63
1138
2873
1123
458
158
1401
1265
165
652
354
288
172
602
235
357
529
436
829
374
1627
1443
452
400
2833
836
442
489
718
307
224
4660
550
1017
64
884
455
122
1315
509
1254
3730
62
1617
584
262
936
73
245
66
323
48
93
190
538
98
139
1251
2228
1073
1361
415
360
1892
200
3386
484
531
834
201
847
98
3080
6879
2243
2323
128
1120
2241
1321
392
1008
421
151
415
108
293
1419
105
365
376
826
403
897
273
1042
954
1095
260
87
967
1335
806
3554
525
3372
110
361
1619
452
3317
1146
363
284
837
597
749
5117
121
678
1441
814
4449
517
123
979
75
4304
638
810
1053
2896
396
1007
3099
777
1390
91
160
286
577
882
597
284
202
804
3869
159
562
51
4473
237
887
1577
470
522
2132
1221
399
214
718
176
3407
383
141
590
3173
271
285
1402
198
147
478
971
308
466
726
564
676
1514
554
474
86
1543
107
1099
863
3544
327
630
4450
1303
455
1535
1023
976
239
2293
433
873
1588
418
8834
139
563
1436
1876
981
1064
50
413
121
1130
2022
1221
803
604
366
5316
765
1659
1392
380
257
1723
3483
3007
2471
1038
1468
1558
397
1529
3537
2925
234
686
1145
2085
1456
1918
1415
2888
386
975
1011
252
1729
590
3039
1210
409
71
1034
679
1339
668
552
272
234
281
1963
596
2834
604
312
344
226
1256
1451
165
89
412
358
10252
1517
1780
2019
1290
565
463
98
2795
769
538
1208
1062
600
46
225
1875
916
4180
435
1491
1130
68
605
150
351
463
265
493
826
1778
6423
475
3707
308
58
523
349
1069
711
504
3939
996
231
3544
717
4839
230
1756
4959
173
269
2198
482
399
1306
1155
83
531
120
2498
701
77
170
3478
129
1276
589
229
69
1371
396
352
717
2294
260
986
166
3608
964
389
306
1883
1922
683
814
80
1107
2335
387
123
902
281
1668
3289
1801
3636
493
58
246
3474
551
390
5316
167
3538
273
1624
211
2561
1001
2922
565
4174
89
2316
765
1677
118
717
111
273
1456
1219
2034
1130
688
376
3120
269
1624
918
393
2077
900
842
597
136
2317
2204
720
1555
167
2138
467
317
513
400
97
308
539
724
410
2583
1235
594
279
57
738
1247
206
130
800
2805
568
2844
1618
2720
787
356
2178
216
167
126
3308
992
110
68
750
79
3074
769
236
252
322
891
569
98
219
86
1003
517
107
353
470
187
2315
1365
1139
506
208
1303
1743
2108
442
101
102
6753
44
1370
3805
140
2323
639
750
1372
197
8124
666
3075
757
912
3054
1528
384
1495
468
464
841
1044
1574
473
290
383
222
290
5620
593
1101
788
1463
358
523
150
430
566
709
597
2278
1533
165
1368
210
257
2177
859
1727
165
1900
365
3066
396
711
626
4203
1383
2281
1467
742
1931
377
399
240
2083
2283
1868
359
291
106
70
356
228
536
97
892
75
92
429
1348
1185
77
149
1064
1001
670
3286
1061
498
566
466
544
241
3374
261
83
348
2884
1971
431
2538
60
2406
261
810
2448
125
81
777
89
122
385
3023
63
514
507
5563
867
3650
611
3029
6059
263
376
1576
560
2304
184
206
6058
421
1027
999
654
4982
1969
229
384
1758
93
1900
898
707
65
415
1113
288
640
235
261
95
2069
224
1548
125
1444
1664
529
2168
1820
3360
1457
2647
1168
561
732
5595
3291
1143
885
2595
621
258
1953
982
203
5235
150
216
3167
159
426
928
1746
254
141
287
87
726
623
1420
436
86
1067
530
1209
341
2133
54
1517
174
533
240
569
2139
824
750
473
68
252
86
948
245
1414
555
242
1246
4634
735
737
2271
4791
478
396
358
206
1286
96
1335
1490
3794
420
222
171
189
1735
5700
107
4067
590
1913
992
388
197
546
648
1597
221
656
2036
2087
60
194
539
3135
3113
170
103
2147
364
2177
46
4046
253
944
312
1349
580
182
487
4600
1792
259
2344
889
131
940
3925
1822
312
78
182
80
2361
4528
534
1159
4806
6698
1899
1224
1266
299
604
1935
797
377
608
825
1338
337
689
97
250
338
658
364
117
326
2580
4837
5318
1120
421
167
271
5745
460
102
2030
418
649
653
83
1042
540
396
106
1347
1414
391
1172
207
4983
138
448
1293
755
392
161
206
2131
3857
3095
201
110
785
2711
1731
573
2549
458
854
312
873
477
3242
223
623
4272
354
249
578
305
219
199
1729
679
170
127
775
365
146
2353
292
2901
126
110
182
602
590
1403
913
418
816
1102
517
218
493
1571
342
242
345
1674
2568
882
6738
1915
2307
965
517
727
753
384
785
716
6271
48
2441
257
246
5082
182
129
1954
1852
1159
5611
626
225
4531
274
779
374
116
310
460
476
1296
2194
128
2023
2393
455
77
744
120
432
796
1108
1545
1734
254
302
4899
662
475
543
2236
1028
397
861
718
51
410
1205
488
403
4029
645
1470
175
2071
698
2608
373
2339
991
2153
226
702
1469
656
735
370
180
368
3093
125
3131
2139
654
1254
417
586
251
1253
1638
1084
96
581
921
1082
71
79
1209
2134
360
1029
447
431
807
55
73
1097
548
38
426
238
358
602
1773
1528
1444
255
4754
419
95
430
1642
395
1143
189
3117
442
343
1704
1795
251
505
142
158
275
153
702
1107
987
284
4188
359
1021
133
256
412
375
1527
2844
228
1925
456
447
480
262
1628
2039
3836
158
152
80
135
1146
1877
262
113
148
2148
3760
280
5228
481
2431
239
310
418
474
128
705
228
1485
524
744
2700
2513
2005
482
1422
462
2319
830
620
1485
2216
3429
162
1776
261
474
366
2479
431
691
1454
2196
119
1690
289
788
751
1935
136
65
375
4365
2688
4953
1355
394
441
2875
244
660
231
4437
240
2005
1902
814
184
206
1241
1543
733
1011
558
519
291
664
149
410
605
165
112
3420
1889
1471
378
1800
8257
395
1832
670
534
147
1271
5907
369
2727
1010
1888
709
2882
201
152
632
2944
5115
77
708
1317
3203
320
4193
573
1017
997
1192
1305
3280
1007
1967
3866
309
4432
420
728
277
382
1342
2836
636
2794
302
454
731
567
2243
1387
4383
1396
1044
4598
1612
134
3178
158
1063
588
1124
1426
409
4233
2684
1440
5102
358
1239
661
2397
260
1348
378
919
82
319
396
2485
442
230
842
320
1698
658
859
644
243
221
488
2725
763
267
2441
5073
2543
2017
439
223
388
2216
8610
2251
116
2148
813
1358
383
2945
1937
412
899
112
1306
1937
76
265
618
691
84
1167
1488
498
1318
334
1259
2719
1359
1261
752
100
3993
1963
466
122
265
1456
1223
408
227
2210
1967
127
262
437
838
2075
894
1540
181
96
511
76
169
681
1243
2605
363
2629
347
361
3320
2185
214
503
279
1615
2120
980
85
221
366
592
296
135
5556
4684
681
829
1982
174
486
1648
288
206
3481
1374
326
158
179
325
230
430
2871
282
2230
648
74
2483
2504
1392
729
982
729
737
1010
385
188
2453
1043
1123
595
376
1040
1091
127
749
613
493
1607
656
145
4219
3655
964
568
275
703
1222
8632
3061
556
562
480
151
1364
151
4440
242
596
1978
476
1025
460
449
228
721
558
149
175
523
204
157
4011
127
371
99
516
418
954
404
94
551
222
271
1156
1328
163
505
915
641
626
183
317
894
304
260
5059
86
185
264
1174
477
157
147
2029
2040
1347
5033
993
228
671
2353
750
330
922
3332
4833
465
412
89
173
1031
151
534
1299
301
74
4029
1192
1347
1061
5414
76
493
2487
435
443
1232
2118
278
169
530
595
3471
684
2778
1714
734
188
4433
1023
959
1819
181
295
2426
3537
308
984
1073
1488
91
584
542
639
437
363
734
984
708
106
938
108
940
705
171
243
741
3261
225
2106
258
1717
493
862
2009
246
564
152
705
6010
1192
1742
1583
1818
495
152
255
878
236
336
226
2415
1761
120
238
455
234
262
181
342
2238
462
1031
1327
814
363
554
990
257
447
1133
1174
418
1731
270
358
438
432
1325
1281
795
400
439
1260
438
1236
1740
100
774
1750
1625
1929
406
490
229
659
412
898
225
150
338
90
522
279
165
421
192
614
474
8715
1309
4278
133
222
105
135
1745
448
462
161
589
2079
5914
1771
463
4050
313
513
1386
521
9659
219
2850
336
417
1341
417
1922
277
3317
373
1268
3067
96
594
2203
427
84
589
2062
957
1600
1334
2186
138
2333
1409
378
140
105
1132
647
1213
1147
2087
221
617
2592
332
375
297
114
539
577
578
130
140
1402
151
1516
1185
1781
2733
685
393
1067
390
2061
420
1264
293
1129
50
1260
1857
1140
1667
1025
235
1877
755
696
3657
159
224
2300
2351
1028
2337
289
256
168
383
1279
2154
919
679
964
594
651
161
372
2269
1197
140
123
3029
1103
388
363
986
1269
3013
420
1180
947
936
437
522
1671
4382
1236
252
42
2159
4414
1637
609
2331
3702
193
2661
494
126
2786
766
339
267
3845
197
80
270
260
499
1076
82
442
1296
477
158
420
3217
92
3781
907
163
778
757
698
335
147
1319
132
992
808
4092
2337
3033
404
230
1537
111
998
1598
71
776
38
275
4230
1030
73
559
2246
874
5246
137
1326
506
850
1052
4414
247
106
458
3108
2153
275
673
4079
762
401
4119
152
894
750
441
403
3124
2976
371
134
517
2626
688
199
451
656
2743
291
345
124
962
1225
2589
293
895
2137
572
439
1162
882
1474
322
306
147
57
1702
1658
1883
146
721
118
410
360
116
595
1804
179
796
832
558
830
1308
1017
5774
250
612
737
551
287
693
1456
380
2227
2041
2460
232
87
522
255
360
1036
1105
2191
191
786
2604
171
357
2824
4300
296
118
1995
395
1685
450
483
425
2468
6743
5099
1294
1425
958
226
524
621
2885
442
605
1045
106
1082
2237
82
1582
438
98
1028
53
162
601
277
993
262
5344
4117
1016
425
2945
3201
134
450
1609
465
156
1076
67
115
35
151
1059
2984
569
134
230
1630
157
114
1555
1855
2220
1855
715
697
575
1243
74
468
3999
286
133
666
4643
2961
3235
1198
669
1811
438
917
90
878
249
147
546
367
3384
511
1733
320
526
1158
1086
50
1647
1091
1344
677
3972
204
170
1954
593
444
422
106
1904
125
460
2104
1119
2363
5286
2014
4752
238
3198
131
533
284
80
221
1091
116
532
949
936
1410
1008
1789
1008
295
211
7350
76
455
86
142
1170
153
1123
638
1399
553
105
551
715
6582
1157
1531
1296
463
133
3816
107
1108
98
184
436
1550
2787
287
256
140
765
2352
475
210
520
1034
313
5330
104
927
134
2622
466
1563
226
1745
1374
2155
386
605
558
1245
1034
461
118
2524
2175
1601
3723
486
2065
83
119
1884
383
565
1900
50
3434
6452
776
182
3207
190
723
6087
700
2816
586
474
59
632
1000
125
489
74
75
692
1381
3149
414
905
376
4707
1065
693
2047
225
474
193
605
1078
1073
166
2924
154
146
2546
2887
111
968
1486
1771
519
955
1524
1691
260
210
573
100
1534
982
173
2717
90
730
382
1243
535
5176
1750
1541
97
659
323
1202
566
701
59
474
148
824
738
709
833
2106
73
887
6398
2171
332
977
988
796
4908
135
557
416
239
5529
2489
79
3321
447
1276
956
377
331
719
112
4499
603
347
871
2825
1058
298
1422
515
3351
147
4711
617
559
260
1421
72
134
207
1931
126
742
971
829
4451
1544
1583
184
622
2047
96
678
668
2345
215
206
140
99
101
819
184
1453
4431
155
1426
1830
159
489
102
349
295
328
158
902
3812
171
120
1966
3193
210
301
201
576
3254
238
1194
1542
518
261
3212
1101
613
2944
1130
1101
1052
902
702
432
599
671
1810
1375
69
2686
2884
94
4740
804
819
607
57
2004
217
4311
1402
2211
842
67
376
1218
275
2018
250
1123
98
1247
72
4535
870
126
394
75
757
1566
5002
73
422
1537
4463
2008
1545
247
1320
349
2374
308
387
245
458
2387
462
2577
2024
284
6598
1544
2086
1003
1462
5646
747
2945
80
2907
426
561
424
284
976
890
655
458
2319
1942
96
70
3551
1255
122
1385
1285
1699
454
1676
2470
2377
659
554
463
330
1481
576
232
528
139
206
614
214
1241
2626
1224
110
142
3659
3548
1660
526
1722
1074
362
84
619
1298
670
354
451
111
1902
1372
165
1460
154
5439
2133
183
275
509
542
740
723
271
159
69
548
268
228
621
873
167
1167
901
1354
411
2369
1017
1638
525
1820
411
2783
238
223
4534
2797
549
408
180
138
1418
1125
190
795
171
2963
135
859
990
3410
204
986
2878
594
467
416
1231
1062
5102
892
219
2770
101
98
1518
4601
2466
293
209
1152
963
2426
218
810
1313
219
577
319
598
227
1630
1037
50
909
5596
762
5522
5181
134
1065
1012
58
1227
571
2983
1381
127
1208
2215
316
3469
636
418
2653
226
1060
363
3696
599
144
172
290
936
2410
702
430
221
546
971
548
788
2342
95
2447
820
1337
3739
842
6783
203
800
66
826
2298
660
1411
184
8513
364
2021
755
575
61
2765
1264
1612
238
121
1758
5804
984
487
644
6254
682
1310
3303
1133
2292
1814
403
330
814
1051
2909
2265
237
1314
252
314
569
147
277
180
134
604
166
287
310
550
661
180
491
250
2005
131
876
592
420
1155
168
311
2519
947
1694
560
1298
185
593
559
1399
2004
827
1935
2111
457
1166
82
475
1239
1186
1512
1080
309
410
380
1179
3988
166
1857
584
618
2161
132
1765
3058
1059
128
1056
813
472
929
1029
1363
486
1753
2282
1963
844
1635
1217
38
2879
105
252
2161
1015
2367
106
1749
620
1262
3167
2238
361
4226
554
235
443
84
5698
1192
992
896
1374
155
232
2087
760
1108
470
892
61
385
703
2774
177
375
1068
847
506
1071
2113
171
165
2305
1220
719
250
973
116
460
148
431
692
376
342
979
449
261
370
512
245
2348
335
1882
238
1702
1664
822
492
484
523
127
395
98
97
421
665
1892
144
162
2294
991
991
281
223
303
327
2701
643
5206
559
124
1320
206
103
355
2303
2005
944
4442
833
970
1177
354
1060
2082
142
571
3118
687
389
274
820
333
233
221
3284
1044
409
818
646
539
262
572
1281
5369
689
2330
2033
456
454
2329
102
95
650
230
1664
184
165
410
1351
310
742
343
340
405
158
578
305
185
1443
346
180
2830
357
637
71
1628
3765
539
58
508
491
1824
365
655
1286
1586
1023
1754
136
662
812
214
268
751
679
517
247
1111
899
124
5351
743
1390
4402
1275
126
627
464
116
5050
1648
544
622
266
439
1863
259
89
186
1923
92
882
1898
136
245
1351
164
1620
1401
458
2976
1451
466
434
489
277
1034
2229
67
1078
70
1346
584
1004
161
127
6360
360
1154
729
314
152
1837
1482
3287
215
312
2456
304
339
2336
2671
3428
139
1497
686
163
1160
2535
3086
2982
120
3079
3145
149
1632
1753
3961
5028
2326
112
2132
277
710
463
957
195
717
124
2307
422
154
574
1075
367
87
168
2238
1857
211
387
424
1851
581
813
2658
1017
2354
2909
2449
360
1739
506
277
1625
5296
937
254
4036
700
487
128
632
1859
2216
105
4486
926
1264
766
132
2126
2757
394
1374
716
513
1785
396
324
713
456
1670
4797
1168
948
242
275
1424
136
3539
2074
2316
1054
1573
895
1295
226
1093
394
546
7378
176
476
1127
879
507
725
76
462
350
259
1488
442
342
860
337
212
3125
1157
2336
679
177
1292
900
145
191
535
2053
143
2050
2178
949
3788
175
662
2635
464
1546
1220
1298
3121
103
132
1029
835
1725
224
2034
1458
1537
3083
609
501
145
2250
1544
946
264
68
156
2173
5371
1092
212
4666
598
261
575
2901
747
114
1291
1864
643
141
1158
91
49
3330
989
1167
1525
996
1171
571
341
355
574
503
350
422
126
338
336
1793
4680
874
377
1081
512
293
612
487
1380
364
264
400
2685
2599
1526
690
1554
1274
2775
81
3168
1337
1026
645
2806
5378
1021
266
372
354
622
210
1736
2952
3868
737
3827
722
688
116
166
428
484
1268
461
771
648
1257
97
429
181
753
558
2570
516
1116
45
2730
433
189
254
252
424
482
2199
315
466
240
83
126
288
426
508
185
130
437
179
148
1018
198
1440
64
648
532
2161
676
2975
159
919
394
989
1728
2044
307
163
1253
415
226
253
841
64
448
210
901
578
789
5506
308
2079
867
2960
1052
1080
669
6545
187
411
353
1808
646
2009
977
1222
1500
439
342
2834
776
347
149
405
164
279
2196
917
487
261
1335
763
215
2651
859
2095
1319
127
1893
4632
616
352
647
125
247
182
249
340
699
107
1637
460
267
4291
643
2369
457
824
1863
508
1207
1403
4590
109
250
222
81
984
2320
194
273
3347
297
3111
908
1373
290
1851
180
118
2353
275
343
364
81
410
274
402
1224
404
3669
1019
97
3509
920
414
333
297
160
383
3056
176
1397
371
4503
640
2864
479
1962
934
1268
369
144
736
457
320
506
3355
2227
1568
4299
220
103
479
39
1664
880
3169
1407
473
3082
1821
728
201
2154
1079
1123
1565
126
614
722
82
504
1127
476
2218
76
607
295
913
183
302
481
1372
3017
461
288
2980
732
5081
47
2045
122
466
1242
320
790
1549
742
926
471
622
2951
331
1896
97
1249
654
2097
143
1344
551
338
139
378
2814
541
4688
1104
671
677
1731
429
631
216
1706
203
4349
314
1488
537
244
431
677
2222
1557
1817
687
1270
978
186
886
71
1384
148
612
673
296
2495
1985
2089
945
370
4478
285
168
333
2112
1463
1788
240
43
316
3224
286
1494
7281
1368
868
2526
374
1369
151
1053
100
914
713
609
1607
3397
469
961
239
240
589
313
261
1520
118
1402
755
1969
1508
1203
105
920
1212
86
1922
1681
1073
579
252
2388
373
451
388
263
363
2477
2489
585
1447
1157
842
247
1238
677
491
97
409
1100
2086
121
836
2591
4425
1346
4536
1324
3177
357
238
972
225
1676
1000
696
651
1925
4675
1370
648
736
968
2719
124
1053
1923
3301
713
5466
407
473
1098
105
124
2890
2187
672
1277
164
147
1096
541
579
553
1512
2767
551
98
1307
1947
101
1129
910
920
1421
770
454
45
5670
553
468
305
2717
1231
594
79
254
421
768
308
3936
264
396
172
439
142
734
137
1305
101
1184
65
353
1209
1445
744
2023
2273
2494
693
585
1727
1506
3324
343
1064
105
818
121
991
4994
258
134
2213
2070
2321
120
128
3784
4890
1475
6407
576
776
1690
1105
142
1704
89
990
133
299
451
340
4444
346
62
115
1469
368
482
350
833
1011
185
193
1995
618
3362
141
215
151
89
5502
81
45
1956
479
1410
115
3129
308
724
112
94
155
543
3446
619
1540
350
1024
446
389
233
1444
2190
2653
310
1832
225
252
774
844
153
119
138
1839
120
5438
549
1735
806
820
411
294
3325
816
204
1644
1009
2444
667
2237
322
195
127
192
1120
144
539
3642
537
319
642
79
290
1640
78
1067
48
566
1903
447
2713
543
260
1802
2341
604
879
286
283
962
814
549
1008
1856
515
147
1783
2850
1371
1804
2263
211
194
1493
5658
2719
104
431
1001
2016
973
214
81
3729
320
105
314
414
977
2096
672
1627
287
1058
509
570
5981
1252
497
2557
298
153
2226
2218
164
390
43
56
1386
234
3255
1800
651
133
1614
328
575
2220
5259
2409
1396
248
2266
123
494
1257
2552
991
1776
392
928
514
2851
1176
3600
317
333
1561
347
561
553
331
4136
631
421
1430
4537
229
883
920
2160
212
177
1619
506
130
374
563
659
640
1438
1146
133
811
497
361
77
2993
75
408
1131
1162
124
167
158
528
372
1441
472
1343
63
250
287
1120
203
2793
559
443
87
2818
631
234
402
255
350
1461
812
678
447
1704
1683
165
407
105
52
1674
203
221
3239
362
5584
548
235
2437
886
1640
473
165
165
792
980
1370
4087
135
4808
205
1391
1377
3645
1120
622
4115
146
667
65
6375
365
1085
149
1990
783
655
431
226
4822
490
98
972
1233
968
1083
7618
1063
706
3334
179
1873
143
9620
2228
4370
512
1954
1049
75
718
274
679
130
747
2904
766
1346
1721
974
264
216
166
529
562
231
449
3527
1088
3104
1408
130
2048
136
1093
86
870
1062
88
940
782
220
1359
294
347
2411
2802
1018
467
459
1684
652
477
1166
4995
5374
960
375
2276
597
611
829
713
777
404
53
1820
1124
202
827
39
1019
5300
621
1924
226
2775
1170
975
2644
266
461
142
1098
269
87
278
143
423
718
657
240
410
486
368
975
939
1165
411
1263
641
3006
570
236
2403
2771
536
680
1078
3290
88
40
1300
695
1484
2242
106
1160
713
2875
4590
1305
5767
438
2002
1020
286
234
787
723
405
1965
854
773
654
552
2725
520
1762
551
2437
1455
306
806
120
76
249
214
2132
755
570
1457
3799
537
214
112
1078
215
243
5156
2235
630
74
2679
405
152
1617
593
112
143
3045
8298
1723
95
253
256
427
2269
280
2836
1026
179
1404
2372
216
1013
257
1218
5299
1284
222
142
668
982
1600
2016
1554
2461
644
1640
1681
1365
1207
685
2222
357
1002
251
413
1075
271
310
1502
4726
1218
914
200
934
93
99
424
148
88
4382
90
769
156
1732
606
205
372
3833
237
1691
3579
440
701
333
429
270
253
349
1284
829
312
2029
3173
564
345
2886
68
2039
102
654
715
1482
2783
1030
478
450
869
1209
2163
184
432
3064
410
3191
4609
239
600
626
665
363
346
1117
2817
2923
382
1251
1054
222
1179
454
1048
242
1468
1420
72
1069
2298
1786
478
1579
587
137
1024
2178
620
284
158
382
1302
1340
2222
721
1284
1913
912
566
498
1343
1417
1174
597
419
949
779
2393
388
128
94
1403
970
617
559
3398
3512
953
1347
396
1008
794
133
947
1092
1642
2401
124
1370
406
672
1318
328
223
3300
3150
378
1840
1748
430
5379
299
486
819
520
1442
826
3879
2177
392
78
468
458
1424
1194
525
500
294
299
171
259
739
140
439
3081
787
497
963
760
115
1644
1052
705
1960
468
3045
434
532
1307
68
797
512
497
651
138
1653
213
165
1367
326
4435
84
2345
1582
2080
569
122
67
224
697
372
343
65
696
944
2852
998
304
1515
639
417
1131
684
147
5278
726
221
4920
5288
4242
57
80
360
158
425
333
77
649
1646
4671
530
390
435
805
540
818
1844
80
1170
1470
670
468
196
752
2613
100
599
552
386
162
581
661
414
1623
349
475
933
3167
579
3179
4388
1446
314
752
797
131
325
1066
4799
2337
1923
647
3445
2429
302
480
653
1681
336
1231
566
143
356
1036
2958
2124
3559
439
759
210
3072
297
814
675
249
1028
393
1712
1453
1027
509
277
1396
1354
2644
427
4939
719
1691
2425
1878
614
2828
552
393
2360
738
166
2866
65
145
1022
1556
1353
509
288
1126
2590
843
1210
595
671
1127
452
2334
1560
1008
400
101
803
82
482
1397
835
289
501
975
2489
173
57
1604
2046
730
515
836
1433
89
3046
62
509
499
798
4870
1357
3260
965
317
4509
405
149
525
80
2755
52
568
211
142
612
701
972
3110
1755
381
306
113
1800
233
1308
1457
355
674
346
3065
482
887
1040
415
42
2567
169
493
631
773
850
3832
975
1976
393
243
163
67
404
1935
766
329
116
363
129
267
144
136
230
626
96
271
1875
926
947
1677
4220
625
677
841
1586
256
169
4865
188
470
111
360
286
3873
1027
241
137
2221
190
777
369
357
1717
1064
4929
605
3853
1851
1860
1271
4486
322
154
217
989
1479
4463
233
414
963
1647
481
4537
373
1410
117
1464
1681
523
1101
421
1150
133
8165
1298
547
240
88
242
122
6696
7068
137
1862
440
134
2073
223
241
244
2811
908
1083
1094
329
1553
404
4642
230
691
295
383
830
619
5777
231
335
596
401
3235
401
156
8974
129
536
276
487
654
2100
874
893
3437
539
131
3186
242
2678
286
1683
4843
70
453
4892
944
363
1514
634
460
2331
2789
756
430
640
165
1539
1847
548
1664
801
843
108
644
192
107
3342
1580
925
1482
125
1290
1462
1055
235
652
771
599
367
130
204
287
210
1554
291
458
923
160
1424
807
529
374
123
335
1192
752
4254
106
1002
2141
6439
324
501
1491
1380
872
707
1703
224
1742
898
275
382
397
1340
888
100
1290
251
4192
780
111
875
458
2333
1304
1462
1960
162
967
806
556
1091
352
1144
120
2353
1278
243
81
2298
1453
3251
1024
397
1078
854
2115
436
1377
4822
295
782
1114
103
114
159
2051
1171
731
157
229
1649
337
496
142
2307
8299
1226
497
508
1465
4466
2651
473
1337
558
131
