353
157
602
80
1062
644
328
1685
3172
743
2269
808
623
52
112
1327
63
822
2267
1181
1738
2387
502
1349
157
277
1055
636
650
552
456
503
268
629
3115
109
1349
2481
657
1156
242
361
614
2112
422
445
60
938
512
38
319
502
2036
315
36
1069
276
840
387
874
60
1646
1188
291
510
335
271
1919
1787
1003
570
97
352
764
948
529
683
578
747
893
2437
2978
34
554
1964
234
437
1417
844
347
798
316
3210
793
492
1032
373
726
270
348
624
330
380
825
911
310
837
513
1776
1056
349
1049
1099
324
305
311
2259
243
284
1214
402
2582
516
528
373
1564
340
3406
636
71
283
2237
513
280
305
591
423
75
1513
2597
283
1233
637
506
952
532
237
910
500
177
139
387
1340
243
1065
421
319
1154
361
444
418
559
791
1775
655
281
584
1523
228
544
638
1620
1362
136
773
953
667
627
984
495
403
1703
100
682
505
363
376
274
1399
414
2738
515
1172
1868
534
997
62
1092
3348
3086
509
701
456
49
516
1317
106
3221
360
1650
2105
83
521
295
343
1461
426
862
1027
401
650
342
95
915
447
120
91
933
1517
2728
644
652
813
1026
47
283
743
422
2733
3077
367
3178
338
1447
155
420
444
943
287
1924
2279
1082
681
608
219
89
290
230
1145
3422
49
296
579
456
574
144
573
2433
264
660
349
2173
1395
1100
480
261
300
85
227
1253
1105
1159
701
1426
509
1114
115
1869
525
103
474
742
338
1190
708
1622
397
1980
1261
248
595
818
1224
474
579
371
436
532
1213
476
787
1308
368
1404
1199
1731
227
2374
86
603
2271
1146
366
410
245
767
1346
312
453
1555
2856
989
39
724
955
4497
413
1179
1096
432
599
1080
808
913
935
717
336
180
541
2177
1099
186
130
1024
2311
459
197
1893
1484
336
197
722
115
117
2700
2734
909
378
2281
605
1103
1372
597
970
753
935
832
772
82
485
471
149
991
335
116
1131
836
422
1554
298
360
1337
1470
949
365
195
343
453
2631
76
60
316
1118
411
320
1870
267
524
661
2414
785
294
1373
1362
284
289
1849
411
1075
610
1645
375
341
2821
580
748
316
2009
335
711
835
255
495
654
261
420
641
583
455
433
318
92
522
926
1458
515
247
53
293
304
313
407
341
2249
693
6118
437
1607
2660
460
395
494
1192
1035
1189
1058
856
272
3432
312
551
2678
603
323
596
1961
396
191
582
1489
568
531
1104
231
420
258
2074
864
1202
1263
876
2023
363
761
1086
405
1345
1995
1137
2350
230
1760
645
90
291
1218
663
717
329
1545
748
2457
616
2182
746
2558
448
452
810
585
816
260
462
3972
846
50
834
346
443
62
4411
335
1326
1291
483
1193
927
1195
376
512
1545
1360
67
200
104
339
1096
2226
1882
327
2596
453
786
36
2979
289
118
985
266
952
65
606
1503
314
232
1041
970
581
1005
957
755
1465
352
230
522
91
89
516
289
387
1338
1071
544
693
1052
2173
971
1125
600
903
2285
494
915
635
391
2418
454
502
1585
398
590
1861
1064
70
1229
494
1426
2203
439
863
304
492
216
725
780
593
490
2621
722
1075
740
293
798
779
1432
358
1799
1557
211
109
381
1154
491
1364
398
498
764
1025
125
3196
1547
629
936
368
1979
508
280
545
385
952
268
108
372
399
575
51
64
214
1258
218
1574
613
609
1633
480
456
1482
790
784
839
1809
1410
992
319
1320
436
516
3058
1061
1698
150
376
1137
480
376
98
402
1688
1598
569
2843
339
409
2726
839
740
899
366
421
3331
361
935
1636
355
925
742
467
3162
289
331
970
624
570
1833
142
625
380
2214
665
279
3188
803
512
570
2970
350
1356
110
355
681
1038
736
904
811
1801
2189
438
1184
197
74
2307
391
602
1506
458
347
2405
143
2768
267
795
353
2088
1070
715
513
2812
388
916
605
558
1027
2014
988
562
1764
967
1020
292
77
806
422
53
746
437
941
781
1210
260
159
1207
1360
379
734
480
335
646
552
291
2801
649
470
352
1535
336
329
991
893
513
336
940
274
5411
1057
862
579
268
1182
2511
547
1428
743
590
927
381
1067
1149
3289
358
47
442
1485
2548
1178
719
477
447
249
193
504
389
636
710
939
385
480
1045
1357
460
480
477
590
831
2435
293
867
1172
941
121
496
1242
338
838
554
504
1390
391
373
965
299
1232
693
1107
608
2372
248
496
2295
674
265
377
527
322
203
428
381
268
738
557
1853
1497
506
862
209
347
387
295
438
560
570
671
269
383
1526
844
283
145
63
303
569
1004
2198
429
2719
719
579
248
5388
1368
331
566
326
1731
660
315
2019
1003
185
2015
364
2412
987
2255
279
66
2347
61
830
280
3761
290
492
1340
465
1416
82
346
474
576
1309
1360
248
461
902
1000
285
308
1317
478
254
539
215
265
349
717
176
278
541
1539
2999
266
670
513
81
363
367
444
1030
233
419
1047
1871
1173
2031
1997
864
2216
731
1256
296
282
439
405
910
518
494
629
205
417
532
969
92
773
570
295
430
456
810
402
63
521
1243
470
447
1032
972
955
564
527
66
543
455
57
705
461
670
949
688
587
1000
2105
1615
380
388
685
2873
1054
461
1054
406
2322
309
598
275
84
1011
895
1064
861
481
312
573
819
380
148
842
1068
2076
3448
1139
122
806
4135
610
514
585
668
484
458
673
324
1006
1083
680
381
541
828
919
527
87
285
279
716
223
240
1235
2454
1024
273
2411
1070
2901
441
689
848
418
220
765
517
379
2182
424
526
446
2475
729
1922
541
356
232
865
762
727
407
316
2375
266
395
119
430
873
299
404
1035
406
1130
528
315
405
1215
1511
463
118
1038
342
222
3772
474
333
48
305
780
427
53
1329
341
868
302
474
708
287
2197
622
472
251
621
485
2170
3509
286
408
1166
2900
382
957
3020
668
366
1121
387
65
1128
1699
364
838
514
301
1240
1177
683
1451
346
227
1018
746
393
2875
619
752
709
225
2254
1919
329
532
2928
1276
1276
353
376
723
1060
723
1577
347
394
1112
3103
367
176
1019
64
1106
1038
630
247
718
2981
125
570
1030
631
2991
805
363
335
801
2830
433
1292
275
472
402
1421
974
185
1253
569
2400
843
1325
1173
688
1413
467
2208
309
2927
399
958
246
660
68
313
3256
484
367
275
1912
1032
1707
885
748
903
416
754
292
1244
261
315
568
58
1227
278
49
300
301
1702
60
1118
813
1138
327
133
680
1966
1132
241
1452
424
330
3244
447
717
296
883
603
1142
1227
54
1477
270
880
1001
392
572
234
90
1315
2244
2401
958
498
493
1945
268
66
2376
721
730
2890
557
3427
3695
242
404
243
613
1206
892
190
445
1577
299
549
1590
1523
216
579
1564
529
3567
2223
1722
446
1038
1147
552
403
1276
1562
1023
97
895
366
804
1020
1585
1326
341
430
1263
449
1667
443
403
1491
197
351
403
518
537
3367
298
1507
431
536
2545
363
489
381
400
427
778
71
1266
319
481
438
446
916
3004
356
207
435
590
2652
44
251
1062
896
747
3614
599
389
921
304
361
356
442
1323
2303
346
349
477
4751
198
296
606
266
551
143
930
1332
396
992
915
2204
214
399
1470
495
504
289
786
373
1450
826
355
1443
1763
391
819
1311
748
872
908
517
509
672
50
106
1418
1237
386
1505
1135
344
1545
830
450
354
1858
1316
626
993
3869
281
702
447
830
1828
2096
62
355
507
448
384
402
304
1129
308
1339
4789
607
258
726
373
2184
235
2621
86
973
1346
93
37
180
1016
374
489
427
873
205
496
216
305
746
709
771
778
907
691
327
189
489
223
43
552
331
1008
1250
591
503
2422
1690
279
2019
342
651
56
239
1335
918
2076
90
1480
923
1029
601
1036
1042
872
1449
682
304
665
531
516
697
780
332
305
267
256
1213
1662
376
315
1365
35
265
450
950
73
279
548
496
273
102
252
168
530
412
1369
432
922
577
316
64
1826
1480
531
629
427
2474
1052
538
2053
1799
94
508
550
1176
592
536
894
298
733
719
320
2152
1455
481
360
138
726
307
287
1954
243
1190
86
572
481
1217
706
239
1960
916
446
133
1756
2213
1823
89
522
52
307
426
469
282
791
3618
2561
350
540
69
483
3285
430
1045
1160
107
855
83
1793
73
1706
657
350
690
296
1144
593
391
2713
1213
528
1103
603
113
1167
3597
2377
578
431
1331
431
507
459
1009
831
929
440
368
1421
373
575
209
388
598
595
889
458
2127
426
706
2469
927
467
81
990
1018
953
114
584
60
71
88
156
190
451
922
360
1384
349
1604
319
414
741
542
875
298
251
361
347
376
1921
604
342
87
257
390
381
354
711
803
245
590
686
2499
1316
621
812
808
1487
1496
350
543
494
395
953
1504
1555
1255
317
442
523
1223
678
106
1654
278
1093
260
352
295
1172
1493
68
3848
426
1132
919
4587
1028
55
1281
963
436
687
2412
187
2912
2912
669
862
392
356
697
1918
339
861
2447
2287
337
410
42
2126
2712
3534
1501
493
322
439
573
706
499
259
3744
2350
574
301
878
1092
910
978
545
606
2469
582
438
670
504
368
1266
58
2448
354
443
251
336
386
227
664
419
470
75
519
273
362
3185
242
2002
996
552
255
271
413
1006
304
656
503
284
434
640
363
807
886
77
312
430
445
3576
2196
1427
1243
596
1057
1548
1873
899
107
956
534
265
543
36
1390
361
232
385
986
870
1898
663
218
534
1485
1143
453
1295
2966
619
613
105
1762
595
871
589
79
3405
675
606
2494
1400
853
79
2599
102
469
237
763
324
298
220
205
508
413
2825
1180
228
247
2197
690
939
331
489
370
506
785
782
2543
301
2159
943
291
851
272
463
821
1318
1076
956
440
711
70
1345
2129
1892
101
891
559
605
892
1522
827
43
463
1787
608
299
1053
186
1718
335
268
302
1015
2221
830
254
2547
547
5995
329
1117
2134
695
2676
568
437
2784
924
48
427
412
471
2829
1218
437
303
459
391
3841
475
206
741
2506
392
2314
3020
401
2894
787
397
743
1519
613
1275
329
1783
54
1402
316
957
1366
878
394
4230
1038
61
402
926
677
215
957
291
2428
430
309
1316
1960
69
1443
1871
1285
4481
531
453
81
392
200
1052
308
1895
413
332
415
1092
1300
493
716
506
2276
645
470
1220
722
236
366
2322
101
1701
583
508
1086
1148
200
1038
752
633
1405
1596
1163
2153
622
1204
524
404
1564
1707
1534
2089
422
36
412
51
367
1340
868
2093
1197
403
393
2876
400
225
589
763
409
581
434
955
315
520
594
868
1039
810
799
109
117
2311
418
480
84
428
1583
2318
729
573
575
767
407
957
3325
3955
1197
895
565
2441
347
1427
645
902
554
2602
1198
74
1239
671
381
590
933
129
1226
489
709
715
50
959
696
99
363
470
344
352
151
389
732
1005
727
30
771
379
390
347
593
573
1629
941
1129
363
1254
110
1527
1034
1538
416
871
274
457
663
220
389
478
511
764
553
426
2339
450
48
303
3390
1179
2097
1113
394
1014
852
1297
426
358
2304
973
397
954
429
1197
934
567
855
473
1420
67
1244
1072
577
543
2068
307
65
912
1937
324
554
547
1592
824
1315
620
860
315
80
86
1893
384
73
2225
699
325
3031
383
712
625
527
1167
417
867
1287
352
740
1099
1221
1567
765
99
2271
1154
346
295
2056
1200
1139
573
87
443
1179
338
290
2517
990
1001
1240
264
854
411
633
86
412
766
988
1115
305
3345
1176
2573
380
1331
605
460
380
526
773
3050
446
270
1118
972
527
166
1460
714
1427
1048
2994
283
2024
496
1022
301
374
1833
712
851
633
205
1178
92
653
601
292
497
1697
575
355
527
2557
895
74
617
448
721
2582
997
1189
1685
962
913
476
199
2297
414
781
253
679
1304
240
282
303
818
662
313
217
2046
259
249
568
1875
1844
987
68
2336
1151
608
418
396
1321
249
274
904
1660
360
2469
875
1169
1370
852
1163
271
545
1033
739
275
678
435
2262
218
1288
753
1131
348
1173
2092
74
666
607
404
375
2640
314
483
793
408
781
174
501
247
1904
1043
1551
923
834
2475
3998
772
355
675
2336
460
517
1372
380
437
818
1184
252
2277
1810
109
283
464
345
1531
3462
344
379
333
3404
466
1416
3273
321
446
478
763
43
274
468
104
353
909
1341
3111
2512
255
1598
504
337
4501
1231
1223
1558
258
1287
1762
55
349
2224
1062
1055
530
563
115
591
1441
85
102
839
533
416
76
596
492
1878
220
446
4364
590
278
585
2007
518
99
1118
356
538
51
1721
313
463
563
3394
328
989
844
654
429
1356
370
1837
651
279
898
1109
1096
52
268
1406
1274
813
426
732
758
2313
516
1190
519
417
316
1289
360
393
2609
44
851
316
262
413
219
71
792
452
1884
654
1188
500
63
473
330
102
442
234
420
533
52
2335
1445
1248
433
525
401
1106
2732
336
1278
595
1816
451
467
1074
1916
1815
914
596
744
339
3358
527
342
690
371
452
804
113
464
130
546
1522
781
1207
1422
612
337
74
497
1193
1483
395
375
1027
79
554
413
624
871
1530
302
1030
268
1343
237
824
1107
967
416
958
338
749
1558
258
957
946
2388
648
487
237
446
2369
556
1389
718
365
933
942
312
153
1141
139
2351
867
479
391
375
341
904
447
261
1481
496
1001
866
341
715
840
360
1093
1519
1972
358
375
2794
90
58
1005
275
642
1593
476
1678
640
2830
71
332
1127
389
563
214
1602
85
123
1694
444
300
95
2345
670
836
259
1290
329
1129
632
1543
264
624
1543
623
328
2767
221
1667
502
739
236
3541
286
2116
753
424
443
54
67
339
1354
2032
284
1081
1206
1483
564
373
1715
459
378
56
472
364
237
841
834
855
314
225
1022
509
536
296
4419
1495
397
247
2367
2067
2646
273
762
2414
390
664
330
456
1040
2600
608
351
688
466
78
1250
384
2016
872
956
410
500
823
43
1393
374
500
1360
363
998
1963
703
607
477
504
383
1404
346
970
1416
2764
609
962
716
989
83
132
955
779
99
258
355
411
738
2587
663
93
302
676
378
944
338
607
850
1509
896
994
1145
448
1146
1521
470
79
2948
668
2473
979
1010
5094
1595
1521
240
135
1695
1103
425
65
461
691
474
528
312
886
304
219
622
1382
219
457
483
472
420
860
920
370
773
1892
1134
460
718
310
512
284
1210
473
1420
1851
1288
299
475
250
115
552
1424
1211
516
238
699
993
694
338
738
895
475
49
718
942
420
546
651
661
85
286
1017
583
660
924
1345
1056
596
786
369
357
774
509
942
550
871
946
262
2785
609
663
824
1595
1241
1019
1278
404
418
1090
185
605
422
256
4580
1432
169
602
903
256
558
1010
411
1250
94
75
545
904
853
438
297
921
263
393
1003
4059
1347
909
187
370
967
1056
824
1070
831
1479
48
1639
103
390
40
990
250
325
2888
391
441
581
593
794
331
875
1314
2284
413
529
1143
39
595
890
1520
1160
417
560
108
372
43
942
1013
1127
2980
194
2164
393
378
1919
471
1707
344
1086
390
2353
883
501
2571
571
53
1368
556
94
379
633
967
428
406
229
1416
78
93
1249
385
715
2672
325
358
755
955
470
429
278
732
914
1050
1574
921
550
1411
505
508
462
1069
901
1185
2221
894
1021
965
1297
206
90
766
219
876
314
953
236
248
1046
628
1173
538
990
453
472
2802
1981
377
448
3521
317
262
384
1262
533
302
1271
491
1450
411
1832
696
1097
400
241
266
489
615
1567
1008
2140
900
352
622
230
629
96
1120
572
68
409
249
304
496
330
833
381
76
869
425
1106
1741
2363
1148
941
1972
340
943
690
444
2338
1115
77
5992
1176
420
101
430
219
510
130
42
213
642
1219
929
1538
344
110
494
635
612
571
702
330
329
1497
643
322
513
1551
398
5066
528
2269
1153
3020
2559
1843
1135
737
1485
3738
1073
770
329
1951
1242
218
2885
356
394
443
1220
3009
1163
465
3289
516
995
439
956
1333
1509
577
455
2108
84
571
1222
2327
310
964
2255
506
295
411
408
841
447
365
664
126
1517
1055
208
3008
69
722
4480
708
386
190
101
802
3632
1489
359
348
1199
354
1386
45
913
723
511
1304
1378
510
522
655
1369
942
641
135
1102
556
222
1222
2029
393
108
505
353
836
469
567
1144
457
2066
304
976
491
1028
699
888
1075
39
1360
403
5177
3628
41
1143
354
523
269
636
1124
367
648
74
816
1954
501
435
1272
80
1051
757
1210
529
226
83
917
1345
340
444
197
1602
2528
811
1343
316
83
805
531
278
135
815
1242
641
77
905
264
556
1047
2272
283
822
3920
411
1222
3658
1298
1458
672
736
37
2775
2963
38
968
398
363
1920
594
2670
964
98
1048
327
103
609
608
739
633
428
233
61
1149
889
441
1368
991
2695
449
1305
557
483
264
808
596
609
286
1433
2315
355
1861
422
487
326
1317
852
1259
292
448
1274
1164
546
1029
48
260
1026
666
282
339
1239
836
268
748
469
109
709
237
637
1480
380
1173
48
997
1378
1352
453
374
2415
2948
1153
1697
126
59
695
798
1038
1250
321
946
4173
1202
1514
311
1302
1470
297
1415
1425
850
331
354
1147
555
670
2684
270
289
2680
329
579
1408
474
463
2129
77
4096
380
729
244
1154
1761
244
370
714
418
947
1737
471
2998
632
2233
264
387
725
2077
490
355
471
325
1123
216
572
429
530
149
402
295
670
307
97
540
434
3775
2244
504
532
573
1078
1383
950
514
335
385
1160
817
120
315
89
650
552
605
2069
326
3117
2902
154
599
567
655
913
1147
414
344
318
658
259
1396
1437
473
585
480
283
625
2221
424
111
1030
1669
263
1910
849
322
1367
57
1249
798
394
445
394
263
425
572
295
465
391
248
428
1110
386
465
366
263
287
230
505
704
247
710
3965
290
2688
2347
456
1292
2745
118
315
498
538
2216
2038
1611
937
771
2431
1045
802
476
343
1078
415
396
870
1501
614
873
1937
2382
875
574
410
410
541
1093
1314
2951
331
638
328
1127
1031
819
914
772
2710
819
897
408
927
91
898
1700
351
1516
713
878
2783
1705
614
1980
903
600
505
309
877
300
727
1207
615
773
2417
992
2121
2770
612
2673
432
548
1784
1173
465
264
326
1025
1715
1210
1235
813
459
1255
494
254
85
307
768
709
603
1475
1359
1379
352
279
1311
3929
1281
346
2515
376
429
42
55
397
553
264
398
525
319
84
551
317
1131
555
894
439
128
1176
3839
307
3744
672
848
873
1463
244
152
77
812
330
649
1192
2448
281
328
483
291
1141
1674
212
207
239
543
557
466
453
1564
954
568
81
490
307
339
51
945
211
266
818
61
219
782
1367
377
1894
531
298
522
275
2196
421
770
573
1552
471
336
399
525
781
514
666
389
191
620
2432
1023
758
767
686
531
1106
843
721
271
3330
1439
1860
295
2939
1374
302
382
347
361
101
2995
108
3812
1350
879
3395
144
1173
976
68
1034
393
361
1018
314
508
1086
287
181
926
1284
216
327
1791
410
308
2523
425
928
2579
144
1080
1295
1093
2364
974
322
1570
700
258
2152
418
557
2378
2419
765
31
866
396
416
1260
370
330
843
381
646
2710
569
329
559
3470
263
260
653
852
356
473
2346
112
2673
388
483
482
326
282
313
506
441
599
920
832
1221
244
165
493
1206
74
2817
1021
1365
244
1297
923
74
257
584
467
1999
1054
315
252
1278
233
274
1039
2558
293
1360
763
645
1138
925
223
418
195
554
1934
1115
563
831
456
349
933
2098
967
897
612
545
727
259
474
376
867
911
1019
258
447
1368
220
469
390
336
2126
909
960
2326
46
1633
984
494
593
80
60
1409
1312
1204
380
510
1228
478
363
338
1750
1842
277
645
1900
1171
517
249
510
1307
1330
455
107
204
499
353
954
348
442
86
384
1942
803
795
1618
701
584
1393
591
301
756
912
3686
1375
702
374
747
362
1646
468
299
1652
1863
112
1292
252
54
276
155
1106
1136
4010
357
1774
592
249
406
797
970
393
974
721
1869
310
2231
1500
926
1240
3718
403
670
73
575
2100
533
440
1436
221
294
371
646
2090
485
667
358
494
1420
355
1950
420
699
391
365
1675
376
707
422
86
434
385
875
367
329
806
99
1531
346
1143
2051
948
473
185
372
918
427
524
83
257
139
333
1766
52
1147
469
623
362
566
2741
623
1741
654
209
73
486
641
1073
207
1076
567
1416
1747
1976
1090
928
861
601
1146
551
398
2066
442
648
362
1195
2391
535
568
807
1282
1176
1207
609
451
257
257
247
352
368
1028
1739
1082
1099
115
907
775
723
1467
42
1711
273
240
265
932
563
34
378
357
1403
767
1257
235
241
334
256
950
98
564
1281
591
440
507
1544
320
1282
260
117
424
516
582
240
929
413
369
1547
1061
217
672
507
448
800
55
726
1491
257
198
272
1411
749
1046
233
942
586
312
3092
466
3395
606
4196
75
1627
266
4410
102
994
640
512
1150
1457
1246
664
2796
1653
510
112
605
403
803
377
3111
2486
109
354
499
2221
587
1657
558
555
278
680
804
91
607
1148
424
229
508
606
529
50
296
1111
660
875
479
531
512
435
126
1343
848
1227
104
958
406
1011
422
2055
2650
781
217
2370
359
218
602
236
648
442
1284
304
436
1835
800
1198
872
709
669
292
540
1045
361
659
1498
3204
962
480
1867
639
562
972
950
111
576
594
375
823
610
2300
686
229
405
3589
1068
84
686
3012
591
658
494
602
553
612
2026
1600
1149
65
66
68
1362
989
889
1211
1669
599
621
449
1081
708
349
701
437
477
1209
122
2924
1102
880
381
802
596
319
31
1041
468
441
493
519
567
686
1112
1103
2019
317
2313
362
697
236
368
255
108
202
575
307
509
502
405
46
488
1870
521
770
811
342
383
1761
1185
1185
1159
642
1428
30
2367
422
2570
597
600
1244
2026
368
1208
610
1246
550
2334
465
1682
2903
797
298
549
1428
1133
467
1337
921
186
414
828
674
1957
2170
314
140
252
844
853
394
595
480
854
79
333
429
738
60
364
647
313
2905
452
755
1240
304
269
89
692
1173
1213
170
484
220
1085
967
40
826
1941
967
714
83
223
539
2305
623
305
2519
501
2059
295
332
979
757
1289
309
325
268
1217
792
3151
638
421
972
413
1820
531
401
3036
1461
1528
4573
506
1081
2253
355
521
112
3071
785
250
427
288
308
1570
447
1271
1959
3037
418
1344
1887
350
972
505
349
1058
425
1201
482
1784
1554
83
1710
225
406
97
590
303
580
1009
526
525
208
1297
682
1439
238
4768
1105
2611
1234
169
1226
197
62
97
491
2903
589
2027
462
83
504
224
546
398
315
1347
1102
977
670
902
702
236
544
377
1493
805
160
95
724
876
624
223
276
1646
1032
1060
68
535
396
427
511
297
234
2044
247
539
506
999
831
161
1030
503
265
507
458
1309
667
355
3159
133
4690
833
414
708
430
538
1815
2264
634
454
417
1000
663
565
496
867
471
1635
1228
887
573
169
492
3316
680
1544
747
519
546
1287
417
534
1322
1378
742
1137
2142
785
2412
747
1345
2153
1140
2776
1224
599
708
669
315
502
1951
420
385
421
1143
374
924
1166
272
553
609
852
70
338
907
1479
1696
2702
584
273
191
971
40
2370
340
1132
332
183
1789
339
55
1059
487
449
463
695
910
1096
430
888
82
570
433
2365
336
1116
942
3626
481
2206
412
429
434
205
1159
3417
384
2602
1844
240
237
282
870
859
1020
2142
87
1179
1338
205
995
283
329
256
2404
328
1130
1612
425
473
435
980
323
472
579
112
1345
972
633
196
2071
841
1250
343
1728
277
897
1696
1232
2741
444
656
405
248
542
765
343
1200
341
156
1748
332
1298
882
361
690
350
274
522
1023
728
432
512
1439
1186
1367
71
1063
486
946
883
100
1180
915
431
917
42
746
590
811
261
853
1108
1348
119
1566
386
112
1303
318
1184
509
1808
239
664
561
787
85
991
584
2464
1739
411
404
412
3751
273
553
874
96
1736
939
111
226
767
294
220
1097
328
3071
423
536
44
327
366
1145
2153
595
618
2214
1297
346
1804
1077
889
239
936
362
383
4313
532
666
242
441
359
313
491
1231
385
182
263
323
641
58
251
464
1096
1164
376
981
397
1031
45
66
1591
1148
460
287
370
51
402
648
579
772
1433
1471
3647
554
64
867
1702
1048
84
2157
406
414
1746
1029
382
769
3438
760
640
142
51
914
405
377
509
340
1238
1470
766
357
330
461
330
385
2384
87
387
1844
580
650
574
1005
1430
566
366
389
575
469
747
460
331
1440
334
689
3854
588
965
1504
808
413
483
981
571
408
1350
1773
263
612
1245
302
562
691
515
460
780
374
441
444
727
483
1452
107
593
266
663
1016
455
615
897
1333
354
119
207
316
410
34
3747
636
843
428
423
284
1665
67
1395
354
417
1030
659
496
518
1613
1059
272
426
372
466
1359
851
786
86
316
574
517
241
637
731
263
393
578
1113
393
1290
937
216
948
206
246
824
2212
422
208
412
1531
1693
70
583
1429
749
793
504
62
302
1254
227
4694
361
1098
547
421
417
3596
890
1317
392
441
1711
254
205
745
1124
528
804
2133
1078
2159
346
453
362
3364
604
280
1940
1726
436
346
1538
4369
521
1793
515
682
1291
370
616
361
298
158
235
175
380
465
377
2128
1117
696
1128
1875
371
884
1102
810
640
385
1558
268
319
1060
525
291
1356
1835
1342
2131
405
1552
508
1848
80
1795
252
2216
1195
930
377
989
220
549
317
358
588
513
1770
352
299
442
1069
802
457
718
537
1079
721
321
1653
234
513
492
548
550
1502
426
1034
457
428
1156
68
908
927
1304
1648
314
2825
1066
664
1307
502
2855
942
951
433
170
418
383
627
2544
671
238
838
3866
438
1390
349
1101
499
283
3078
549
681
883
1235
1079
1366
474
502
348
1557
927
576
1585
549
221
2470
853
582
589
262
2646
2050
2476
787
123
131
433
1146
899
570
50
1270
1153
455
912
488
958
693
680
413
934
620
740
524
415
1411
427
998
665
651
1323
510
3848
1059
1327
1051
1466
123
283
87
1314
453
261
2506
238
1276
744
325
1127
81
522
1155
281
482
249
87
2680
925
38
1139
343
317
275
317
191
442
1498
722
3723
1355
1548
435
3640
1513
345
2982
437
1880
1198
474
3900
4603
423
893
43
1300
570
1982
1774
952
166
843
607
802
1381
2471
996
344
602
958
382
423
476
508
669
2296
413
755
400
329
1290
968
664
957
509
2285
875
810
336
1981
81
1686
938
846
678
1335
1956
72
664
337
293
2781
470
72
1372
2823
796
911
785
639
860
907
864
752
275
2046
319
1425
374
531
6205
1353
438
180
432
389
928
554
1182
487
301
1455
808
1679
124
1253
366
242
535
912
1491
78
945
322
4118
1240
402
3317
644
467
1633
547
761
604
33
825
4318
1779
152
661
831
1022
586
327
776
671
517
819
472
944
496
74
229
232
408
1307
326
606
554
544
1238
1803
513
48
1576
671
1698
404
934
349
399
2220
272
1771
658
246
2068
2502
2360
729
805
877
1046
1561
606
75
299
94
1738
338
292
681
1073
93
216
1287
319
281
404
381
361
886
367
962
87
712
525
905
1588
530
342
567
2014
1777
92
621
243
706
1521
1017
199
372
338
1099
884
492
2173
1250
414
231
4785
215
86
374
694
345
6147
1249
192
348
652
397
314
305
777
1551
299
907
723
730
300
1942
269
395
400
152
540
1535
258
400
558
337
467
296
259
97
1095
677
521
820
2422
920
749
342
489
53
482
2022
746
310
1157
64
907
966
137
565
468
2252
1202
452
57
447
1782
395
456
1488
1247
766
2083
500
1126
1105
1563
285
837
828
888
30
1022
3156
500
783
2337
524
763
1451
87
108
905
372
1949
274
4115
2670
2192
1022
2077
608
220
406
527
226
262
836
3331
357
384
592
570
445
2057
1078
1042
976
556
421
1748
951
1707
358
396
355
3918
997
341
3212
1809
889
280
647
206
3436
327
1220
4114
1210
1667
1137
1815
411
1493
789
1210
532
819
1326
735
415
540
353
1530
862
590
473
420
486
3403
506
2963
1080
3016
379
418
545
242
837
262
636
2161
368
121
114
397
688
980
1036
125
1823
1186
822
1217
638
254
1151
226
3346
2865
173
234
884
412
2068
365
521
1123
82
1356
1965
4078
473
313
680
588
439
1055
66
1135
929
1051
1064
1115
703
756
385
1020
2212
428
858
961
1749
153
903
417
573
456
863
1413
393
2863
316
654
582
795
1640
519
368
527
802
449
1064
369
930
667
1452
1400
4113
257
287
72
2033
561
1304
1029
426
353
634
460
500
1008
224
2032
1214
1304
421
680
251
941
465
301
371
338
328
386
371
2208
785
373
254
879
907
437
549
625
261
208
338
2038
714
348
795
312
316
379
709
568
342
1155
430
1880
242
229
80
293
203
377
386
269
822
935
749
501
1777
278
422
1088
255
462
250
1131
503
924
830
1951
512
338
206
115
1062
1043
507
242
660
1100
1506
1842
881
418
1105
938
687
242
467
1591
1087
594
428
4027
408
624
1044
1029
885
983
927
1203
380
1040
478
418
673
3149
305
276
576
783
60
424
450
4528
706
903
364
2386
1064
396
322
704
284
2112
838
1040
1808
517
913
372
352
2325
1187
477
823
364
1549
3424
1311
1541
957
1370
348
3122
784
423
91
63
524
1678
217
1291
300
413
138
1275
275
862
2588
475
383
210
383
362
1060
633
1193
386
931
288
425
1228
870
247
118
216
62
1292
719
438
1154
383
1008
490
404
335
1179
334
527
278
389
832
391
81
551
1937
437
1383
234
1166
314
779
356
1047
1508
593
167
519
302
1236
891
219
389
468
293
218
1237
276
1030
1502
994
1012
1532
362
251
422
630
1208
3889
1105
496
480
216
2995
197
4565
769
111
1548
231
659
815
175
430
302
286
550
421
868
835
674
895
718
94
723
283
713
2167
652
224
434
942
1184
2911
240
494
2924
206
358
579
526
2177
390
162
554
905
1992
1288
863
473
4093
2020
1745
1365
873
545
2891
398
985
1000
252
522
430
299
582
1384
1050
850
88
1023
2354
344
74
3182
337
449
522
2190
445
934
531
862
767
325
353
480
261
1202
453
398
2052
556
356
299
892
244
446
1526
367
383
131
1213
354
896
498
346
1220
1287
100
1753
1246
475
325
462
348
940
910
267
963
981
402
4158
437
505
1224
1161
2009
79
375
372
621
645
405
287
54
545
775
1133
506
52
2244
426
604
1335
360
337
1103
1926
842
1125
1663
276
1405
1464
481
1030
401
550
1251
1095
426
1400
392
565
802
1299
485
384
1322
1746
469
1204
1167
822
235
206
79
1087
903
1109
1059
1183
414
309
425
312
1194
896
3563
402
385
283
417
759
266
73
306
310
514
5278
1405
1108
1880
764
513
298
1079
468
398
1287
72
397
693
372
277
1153
594
2547
282
480
298
493
325
55
1211
230
318
384
321
514
672
3086
613
1560
843
51
93
811
328
879
340
2340
889
3313
494
3541
539
59
571
4264
577
1804
581
196
407
233
428
645
264
202
910
444
283
1338
332
391
600
508
501
830
789
534
1300
3242
510
635
649
2360
435
709
231
373
1450
608
356
267
446
449
2772
2430
1724
2104
425
3122
636
238
4035
2163
258
35
427
921
441
2418
849
2830
820
1649
1210
1461
1146
492
533
115
501
714
633
855
1842
1166
451
1028
1160
468
829
202
572
938
701
473
603
396
307
766
1358
998
981
273
791
349
305
262
86
96
420
1070
608
89
875
853
83
427
371
630
2558
326
1056
495
218
1010
1137
704
547
383
1317
553
568
258
1698
549
301
535
525
841
214
989
627
207
780
67
808
1099
1053
334
1047
3268
331
223
3134
68
30
795
3157
50
723
277
214
873
959
87
3795
948
1839
538
134
2683
1306
332
1209
1024
625
881
1424
377
122
589
409
268
2259
476
732
280
2056
376
774
124
334
625
362
859
291
1115
244
460
2115
242
1009
1483
476
1236
404
3887
404
890
226
3049
2078
1474
1107
464
632
424
1506
59
795
970
2232
74
192
936
416
239
613
1273
913
1778
1393
58
504
1054
1008
1183
202
509
1105
1218
1303
392
477
331
322
345
2257
1208
363
456
446
1099
1197
247
1574
956
433
430
875
874
81
499
1031
2255
186
181
61
301
2278
1471
1331
1839
384
3831
283
358
528
792
306
2504
454
1286
331
430
2287
1954
423
1056
251
1245
506
488
231
379
799
391
673
856
347
523
115
719
410
625
1222
574
310
714
1131
2992
1115
2294
420
1048
1040
870
2655
2849
363
1853
966
374
333
1191
696
441
2163
2180
431
1859
259
1007
631
636
76
600
295
448
1379
393
1362
732
214
660
100
2380
919
107
910
318
608
851
458
238
201
241
477
712
780
891
3774
391
1278
1422
1938
564
580
300
129
347
447
1394
1236
3492
341
56
1466
4403
4476
865
1339
389
398
406
408
52
1069
63
461
87
1284
745
68
563
293
1763
2628
370
657
267
2231
1465
240
1924
1090
281
865
1824
1091
473
892
541
652
1564
494
308
772
316
1537
3427
563
1615
4801
575
810
2277
919
628
502
100
1611
793
388
506
742
441
508
38
336
954
1421
2753
2393
835
355
400
520
3924
473
579
187
649
373
967
85
1087
327
283
1236
457
366
212
3612
55
428
278
1003
634
282
266
751
2819
2694
296
1528
1808
479
974
559
869
315
317
550
369
3186
351
333
1636
426
598
310
361
71
144
1610
489
392
858
283
1131
246
928
398
454
610
391
143
580
1066
601
422
614
263
352
1098
1637
1137
3204
247
2587
834
242
530
631
1090
490
3033
889
578
425
2006
508
47
342
1204
580
928
2603
450
333
2003
398
450
307
287
74
235
314
540
421
1252
683
920
1021
338
259
419
1104
1131
534
2708
474
351
3180
510
143
1104
340
1515
1038
58
432
935
38
412
569
728
279
1287
359
471
1449
481
939
447
809
1511
1047
680
521
518
1069
381
359
438
376
330
403
262
2055
1087
330
221
251
2272
383
1027
1240
624
415
75
473
967
1960
277
349
657
883
66
1195
2266
346
950
918
37
1109
528
393
408
40
1410
1211
456
292
2201
429
64
441
576
276
1469
1029
503
1094
1085
35
440
585
1179
355
465
459
351
566
693
1802
2102
619
808
94
428
563
886
1645
275
1159
1061
451
1057
1581
652
257
392
359
646
848
284
739
282
696
1366
588
2251
484
1645
1092
1363
363
814
566
1602
923
862
734
1842
998
817
504
1217
1425
1385
68
801
5196
276
524
2020
476
411
119
1390
306
1454
851
2280
578
409
920
522
636
73
32
834
1701
1650
3395
832
1122
1054
558
217
1813
1146
2705
572
349
1135
1580
832
795
337
741
841
411
407
1053
1967
603
786
225
586
4106
559
429
267
553
894
2750
274
1022
343
590
889
1069
336
977
1188
2405
1082
870
760
1786
326
1751
351
1381
934
1148
240
788
2086
673
1497
377
1755
96
377
795
81
943
679
953
766
650
157
462
518
1582
1055
1692
1079
310
2066
1080
1354
378
1174
241
644
1382
447
1704
949
1016
2498
353
1032
432
1502
81
81
1054
129
591
2028
824
267
1358
113
437
959
511
597
463
524
460
450
227
403
620
356
2838
466
681
308
1019
3628
2344
2911
337
307
546
492
1505
6451
1803
274
1413
476
1140
605
1888
1196
134
374
1198
306
984
1124
280
347
1020
414
794
80
1278
436
807
390
398
1588
991
1069
727
1082
2847
660
100
300
89
1454
1011
909
597
847
688
45
327
504
1379
922
820
45
1176
1070
619
1349
2502
559
105
685
59
985
1109
451
517
1373
547
82
846
634
2443
1043
3119
215
709
1991
46
2775
283
4247
1213
105
318
123
623
1069
388
421
1011
697
2062
186
254
1601
1444
1060
1888
412
1324
713
425
540
690
874
560
433
1232
894
239
1145
918
462
488
491
459
49
3258
3709
1294
383
285
436
1205
6463
2222
872
213
297
157
320
1343
292
2775
251
1403
326
1349
127
308
426
975
486
619
417
4074
486
797
629
441
594
370
376
60
439
574
185
221
521
489
360
461
2222
238
344
338
387
599
371
457
764
657
1164
2120
1311
576
1117
741
1843
922
710
558
3874
3486
478
447
886
476
1190
90
2418
986
1056
2338
2218
73
482
2985
280
402
1018
2213
88
293
340
53
1038
1310
1352
482
1011
600
480
220
2622
1622
324
539
582
64
1359
3813
474
1170
1822
397
411
1092
905
465
501
563
1126
521
565
481
1086
1371
134
1280
290
2628
356
611
716
733
477
452
5596
1148
563
488
242
619
358
367
502
835
244
241
781
1164
454
465
264
519
777
2050
1332
417
551
473
611
81
536
377
579
333
1465
85
716
314
570
847
78
667
530
2201
618
318
757
696
490
1582
220
901
555
421
116
1750
375
299
394
459
4103
447
1727
329
691
526
508
1129
1304
79
2517
1537
390
3619
2385
577
52
881
5286
224
2533
106
436
263
2117
303
452
674
2101
822
386
1387
1282
43
371
341
1278
1086
657
344
1035
1258
42
1522
971
402
329
740
710
796
525
812
1473
303
267
198
375
100
648
480
371
485
726
1635
189
384
1289
243
452
1273
744
915
404
585
348
314
1035
912
362
444
694
227
192
345
2120
852
254
1582
1406
1071
783
375
294
983
430
2555
996
389
598
416
59
76
961
1381
926
383
1183
1186
339
85
62
690
326
2013
46
992
837
1298
607
495
297
789
943
54
3089
870
601
665
83
1579
579
471
2007
325
2273
263
1750
807
1238
296
980
424
87
1433
341
271
375
91
637
1097
451
1019
289
836
2628
1533
558
511
1222
385
350
271
256
337
1131
508
606
575
1529
1486
1105
252
61
246
571
1030
829
426
891
230
486
96
1573
694
602
798
495
4572
427
291
459
1800
3093
453
424
2002
2502
344
497
499
4479
664
526
1557
380
532
419
1054
720
2761
709
361
1157
330
1706
2120
50
301
479
340
1663
410
322
48
847
1215
1441
1297
656
830
137
1942
72
820
859
259
356
102
995
770
408
396
329
546
1190
320
764
226
494
2560
1924
2762
339
983
813
336
306
413
1977
518
1688
597
1506
238
681
817
959
1310
1278
2224
391
597
1509
407
1692
1764
252
221
93
2229
438
506
432
370
408
422
1566
3334
2076
1485
989
300
2700
279
359
565
323
350
915
1262
857
507
223
95
942
337
2406
3327
454
293
3145
1202
579
1762
88
59
897
361
41
504
940
57
1746
971
51
1456
331
91
571
593
781
405
613
1010
239
559
567
651
82
281
1663
367
250
363
2074
2865
2957
1224
441
2853
164
632
1026
561
660
407
376
972
1563
1453
463
641
90
508
599
2676
690
1438
3264
806
42
1885
618
433
528
448
2727
411
299
1364
375
2698
2029
635
1867
233
1218
359
375
76
247
339
1028
465
612
521
518
993
491
318
417
513
3432
101
1696
104
369
75
427
954
1315
343
458
3249
1235
1360
1258
593
42
3270
255
1832
68
1225
104
375
449
1542
435
346
431
1382
389
130
342
667
361
1138
2103
811
556
986
106
555
582
794
434
1407
999
1212
560
866
1331
1003
893
209
607
924
626
2370
561
2586
530
661
315
1644
354
283
637
60
1272
3018
499
348
1124
616
4106
412
616
276
1861
363
284
299
37
406
899
311
395
379
59
469
208
831
3103
436
1270
454
3426
995
655
856
68
994
375
692
1000
248
1080
536
52
888
1175
326
927
2031
543
579
1022
843
1140
331
70
439
1356
247
1619
267
693
366
910
2443
1129
1040
752
326
1130
201
718
1053
971
327
369
857
240
494
954
621
61
1000
2950
819
588
619
196
2366
352
311
583
2383
1520
1933
275
1157
985
452
828
122
1800
1250
531
362
970
970
1169
84
1243
472
3134
1960
981
923
411
265
275
2449
48
611
500
458
2095
193
385
1536
206
1213
384
1455
235
249
636
97
463
470
1870
2215
454
524
223
1040
590
338
271
409
1650
71
297
41
674
2957
402
306
600
1779
223
333
1419
1145
278
1904
354
1715
950
639
306
465
193
254
357
209
459
1724
2446
349
3146
481
548
1170
89
1724
493
1709
956
2123
991
434
50
1474
1318
604
329
358
2216
670
220
79
308
1012
570
1101
2455
803
1781
1726
1424
228
208
796
1365
908
463
560
2160
847
1513
1657
46
4790
1940
1457
1208
525
2434
867
2516
1126
245
789
961
413
208
604
581
412
2897
1175
1391
875
881
384
2372
1903
497
1647
932
932
616
220
478
376
855
416
400
365
1089
1773
86
260
1262
2333
458
542
1065
1560
1068
611
302
266
543
273
1290
447
2602
1683
45
470
401
523
439
1070
940
580
347
947
899
120
398
537
400
472
3626
310
567
347
719
345
4032
229
430
1679
1984
586
676
49
110
778
620
613
690
399
2222
305
628
1956
1275
65
1482
1582
341
846
232
1003
689
2309
1767
60
1273
3666
827
256
1161
627
915
61
859
1056
426
271
724
1168
498
825
295
1331
543
31
3777
384
438
2432
3274
89
1309
607
47
762
357
536
1844
464
960
627
1456
275
1317
88
130
442
1695
898
1018
340
1475
771
1233
338
555
295
432
250
540
1188
254
563
1250
384
257
837
203
2241
3401
841
3278
282
833
1282
764
859
1495
462
1138
46
4513
355
1672
964
186
57
2311
651
1403
377
403
1145
2358
692
1159
449
2945
1172
1024
1292
1077
1200
656
259
113
1471
564
2663
1488
319
409
418
345
340
231
383
257
709
444
149
96
1682
1273
405
846
1147
375
1222
552
867
276
644
843
2161
409
961
501
1546
1199
704
687
1363
1126
254
1048
416
1988
1447
396
76
392
837
467
1572
1627
386
343
1337
308
1572
871
486
1871
524
889
1408
431
413
550
741
755
523
530
731
1890
868
2502
358
551
453
1377
578
1406
517
409
263
397
1967
1508
527
2628
234
905
3724
520
1912
329
1170
507
1187
363
545
1264
1549
466
345
526
445
205
913
353
933
781
661
1261
475
563
2259
369
2103
1733
424
469
277
914
473
100
246
256
605
871
341
649
306
354
1100
1095
991
276
574
1057
73
172
372
549
79
318
930
723
735
1401
402
1659
1338
2145
886
735
270
401
506
818
862
1264
3407
964
508
352
793
950
738
907
408
1071
67
492
513
353
597
879
985
408
2285
374
903
877
4007
1414
801
1177
242
466
956
1362
265
613
371
136
312
403
561
546
424
934
376
344
1877
237
384
41
457
289
1061
81
212
1579
610
58
978
125
583
831
1155
448
515
795
1811
541
1497
124
85
595
324
439
718
288
91
365
524
343
353
2530
628
3684
2170
702
310
858
2079
482
527
495
546
708
607
58
72
617
501
664
310
73
859
269
517
487
1007
400
291
2092
1015
299
324
462
244
1791
1412
469
984
187
867
389
454
4474
113
879
513
88
694
1781
225
2121
857
409
2518
60
369
1545
105
807
3028
1273
242
1343
360
1009
1735
2009
1110
400
52
1122
1973
267
678
854
598
1627
2131
795
119
1309
284
519
271
1820
515
306
239
1396
336
829
995
317
139
1273
259
95
676
212
269
450
72
307
2138
546
2418
1168
1343
1047
909
2970
581
289
568
2346
619
376
1640
419
445
419
2375
734
257
1686
906
366
259
2336
2374
949
910
1477
325
581
97
378
1060
298
1045
924
611
375
430
933
2603
1931
820
350
577
805
393
1018
541
898
3415
248
817
1345
978
342
631
405
108
1878
146
410
1271
766
1157
368
808
1323
748
1089
1877
281
311
446
2316
651
2119
1080
2175
248
1307
1011
488
1217
2165
714
1902
213
2017
649
263
579
437
1097
1164
2220
981
260
2781
475
930
335
1350
3782
339
439
2834
379
64
2119
442
329
407
1584
294
633
2122
957
735
533
2017
1085
515
534
828
319
66
1001
797
543
3319
1341
793
330
473
897
177
403
122
289
597
1579
923
982
1047
842
2266
2443
1822
602
407
1853
2027
690
1009
351
1069
86
1007
2977
1376
768
1489
677
195
383
324
1011
478
718
470
676
257
708
387
984
532
999
1701
915
920
438
247
416
771
110
285
1128
505
81
371
439
124
966
273
1183
582
583
1949
980
2868
254
1946
1009
269
586
327
391
874
58
368
950
369
315
513
951
217
512
2474
95
1238
1057
862
2474
617
375
415
3316
1070
546
617
923
1181
1248
1010
108
2731
999
1154
329
140
1365
1388
548
1202
96
982
717
766
439
300
1529
1832
669
398
304
281
492
363
902
137
993
406
2553
780
166
528
1204
653
323
1335
2052
409
564
226
1353
829
557
1919
134
3039
937
434
99
542
457
300
1570
328
872
49
269
327
409
818
804
2314
885
50
1188
337
311
337
1920
358
1962
1822
1091
1757
325
363
644
579
1406
90
139
428
865
521
762
643
3120
677
543
1656
403
265
284
58
1126
519
2193
1095
462
1212
774
60
1282
652
318
647
1277
1202
430
327
490
1470
45
369
670
874
249
1125
247
2037
385
3322
1673
356
146
762
314
764
1319
2591
1277
53
1983
140
1217
1693
749
1270
135
971
437
755
301
432
464
293
314
985
332
2367
675
449
1012
961
531
1615
324
1018
786
300
487
2584
639
333
687
1274
872
413
1241
92
1421
66
1218
939
1724
1850
815
2973
71
683
817
555
642
245
609
2026
318
1867
3309
387
1135
1514
238
2637
1436
1210
555
976
1751
1028
3167
772
306
997
359
747
331
212
90
911
943
774
90
597
1249
107
881
1039
600
500
366
458
660
802
1059
481
484
1186
286
807
770
59
775
830
318
1000
1040
403
683
589
478
268
652
1339
85
523
1816
1557
3252
1151
1942
1058
878
76
700
494
524
1316
471
1192
3491
1110
423
465
519
1060
1398
2172
1423
943
2181
804
138
80
87
269
1569
1657
468
1060
42
625
157
452
851
910
2182
925
968
305
1001
1155
808
1012
426
583
505
836
330
314
79
3912
438
296
997
1185
841
271
386
976
831
1711
526
723
243
280
743
69
156
1482
1308
681
54
600
1119
830
459
1498
748
1502
1317
800
941
1135
300
1233
786
889
474
1783
785
3220
535
57
238
1350
1282
3639
2686
2296
1282
3058
1482
1256
917
876
851
985
773
304
1763
75
182
802
362
752
417
309
88
249
917
1194
523
2220
64
51
1680
567
431
122
2847
720
291
907
361
1070
514
304
594
471
2408
1155
1267
497
115
785
1933
667
1614
31
722
1125
256
1332
271
679
1556
313
307
38
1653
2410
1070
356
2712
917
237
1892
959
899
223
1177
610
1310
973
1249
771
578
60
439
356
534
3283
321
786
402
607
67
1202
37
1255
1057
1739
306
255
618
1595
455
323
1057
298
434
586
552
1135
172
1610
2907
921
579
1400
381
1643
2459
946
303
701
549
167
1547
367
409
663
963
748
39
948
424
994
317
170
2485
882
304
3015
394
1013
1419
2382
994
37
112
1356
455
257
1822
2392
413
342
1161
1493
583
583
2330
914
2399
1433
511
531
2133
308
410
745
877
628
1091
442
1211
873
1872
3143
1099
1346
283
363
1679
475
576
994
496
3483
459
519
532
695
1757
769
141
390
377
834
628
694
1066
77
340
436
249
973
1076
1085
356
41
1237
87
969
398
839
367
319
413
49
1088
375
408
2508
757
421
445
246
241
666
550
526
840
558
497
69
112
41
1590
326
773
318
1976
622
2549
362
675
726
480
1483
451
464
117
972
1105
57
1555
213
198
1141
1455
2255
641
345
1400
269
3024
749
364
786
200
1274
428
278
1812
370
217
350
2314
226
706
1855
352
3921
1396
1139
2542
381
688
864
877
5424
3552
2898
447
1255
602
591
117
748
1045
634
1033
620
1317
533
1018
297
197
92
269
276
1440
759
2269
741
1151
996
792
366
373
351
531
974
70
784
600
751
214
958
346
113
875
1565
1385
706
997
619
274
368
933
676
2226
2205
460
843
1007
1263
567
529
942
56
880
1664
573
1238
337
78
1050
912
352
2322
360
689
984
793
1187
3047
245
412
618
520
263
68
285
298
265
632
710
1183
679
120
554
597
2117
499
1024
1279
932
753
2506
638
873
3042
54
57
437
2062
1975
778
1693
2273
769
2487
460
770
537
469
1385
719
1282
522
670
1045
400
1041
531
1087
366
848
330
1968
417
1269
369
279
403
486
1346
927
327
543
3001
46
903
380
259
328
2116
2328
2418
610
450
962
517
340
297
1264
4346
1513
70
432
375
602
2099
1332
947
1336
257
1300
896
521
1804
1011
3645
818
682
363
684
618
549
667
966
1365
407
973
585
544
422
1403
175
2160
401
717
436
595
355
518
314
1942
1099
511
381
531
1366
309
91
1730
730
144
2163
367
2744
361
1319
2154
486
288
389
136
324
282
476
424
984
725
3054
2988
217
360
2497
2089
241
458
1244
2011
380
568
341
1253
355
1159
441
2717
2381
505
897
438
476
97
161
2016
2112
909
418
1074
1045
592
265
533
63
732
663
2149
431
310
2053
596
312
1272
2827
394
393
401
393
1118
912
3611
1289
998
1541
610
75
134
1132
449
756
734
488
455
637
801
364
724
1231
319
825
439
3190
2979
492
490
421
1249
1387
267
535
661
346
409
2018
1228
874
499
695
1815
403
999
1100
379
582
564
441
1279
2272
64
1033
531
262
957
484
439
2223
259
2313
385
70
824
417
322
1367
376
298
997
440
322
116
581
868
490
1099
2132
823
156
2060
243
569
879
444
400
2520
374
1068
2002
857
885
454
152
469
376
364
540
367
430
328
1868
1455
535
192
3304
449
88
411
427
100
818
227
252
603
1101
860
442
848
1874
522
674
425
344
1332
184
2408
634
392
74
3646
4479
379
1679
420
265
362
1314
1558
1956
921
148
474
495
42
647
821
1785
1057
488
74
513
507
3146
286
213
406
396
439
346
911
128
2610
576
1049
696
3044
451
2704
1997
1313
364
1551
513
70
428
1952
3015
2134
603
388
2672
313
797
641
486
368
723
835
540
3604
772
2673
538
338
1121
336
531
695
216
411
902
522
776
878
298
284
1924
1251
2550
776
2174
1095
515
947
1219
1004
911
515
844
437
1763
419
884
506
402
265
743
927
305
1162
1001
77
1255
458
1360
1006
439
821
581
630
822
893
74
1372
473
294
1321
266
869
449
42
1071
1262
417
935
1395
66
1128
350
344
498
2184
731
1099
872
407
1852
969
417
70
319
960
104
683
1144
573
859
86
446
397
2558
438
563
438
389
3049
167
877
747
699
661
30
889
69
801
275
592
3188
1221
437
247
361
1312
454
642
1256
383
467
329
399
370
263
397
632
892
1438
1488
2664
409
875
608
762
2497
415
431
2550
393
372
1724
730
422
103
1535
119
847
131
1062
1819
433
1401
1008
40
2310
941
3240
332
44
347
1991
903
415
534
3207
413
679
506
446
3253
301
593
428
1994
572
630
998
1028
103
3758
240
1204
645
275
410
347
3129
3127
1396
219
518
271
1366
77
673
382
1517
718
656
1390
820
2314
926
2183
640
1083
320
858
471
255
2405
539
748
1158
478
1129
436
4731
347
52
594
323
381
1086
458
1253
539
632
1286
567
357
3313
1666
97
1565
2050
1016
869
1172
4571
615
829
1403
392
336
1471
1905
1390
1367
960
691
874
1167
471
980
382
292
76
2010
523
621
1913
383
1379
425
599
293
492
463
364
267
150
443
65
463
291
1225
1367
487
354
401
242
307
383
526
1688
814
326
1249
5516
385
462
1229
1340
506
1074
768
2913
67
1539
1181
88
814
974
147
1231
487
368
83
1221
3075
480
258
998
808
731
457
1728
449
250
681
534
1083
353
805
482
1160
685
330
1477
754
303
515
2742
388
396
300
568
763
759
829
3262
359
813
564
574
101
1385
582
1351
435
452
1245
334
43
389
1721
4505
821
713
530
1195
438
2035
1508
450
1433
1176
196
350
