91
40
253
79
460
384
69
232
108
444
99
2332
270
990
448
96
365
7
43
631
29
351
1121
542
993
131
1405
211
634
61
121
500
304
351
162
219
101
102
236
1872
15
781
516
164
1110
1604
332
678
115
591
1185
158
188
99
609
387
167
11
128
256
92
1036
117
84
624
201
103
92
138
381
210
930
468
97
454
487
201
1148
910
406
642
219
1140
15
147
111
496
182
229
494
348
94
379
1372
1620
1
220
245
94
201
801
541
138
360
233
154
1941
354
254
492
76
231
248
280
130
147
84
258
134
179
363
160
958
2368
470
185
120
498
475
153
124
1453
185
117
600
194
1675
240
197
238
166
900
112
88
2045
80
299
12
1307
200
88
132
267
183
24
722
1417
111
580
75
79
247
615
140
167
457
254
101
216
37
23
132
610
99
103
597
167
131
591
132
170
251
251
320
1154
234
118
253
804
62
255
403
760
650
48
392
438
286
215
247
440
113
345
147
804
479
2429
181
1432
176
89
141
1665
203
116
700
994
247
462
26
546
2034
1811
188
255
163
284
196
595
70
42
2106
90
118
823
1089
169
28
189
122
731
140
387
150
309
36
118
431
271
58
23
25
2944
392
938
1466
128
105
266
445
29
398
204
1823
2067
130
2060
107
700
38
238
170
464
119
1381
1143
492
251
309
266
66
23
417
301
88
127
174
94
608
2422
1007
89
99
367
206
58
338
1321
117
272
58
217
1112
825
541
201
146
94
65
19
80
530
539
581
341
797
237
519
1056
215
26
137
352
114
621
332
814
182
4
1062
668
224
388
119
786
130
146
281
168
152
290
180
333
86
802
174
431
121
825
560
1148
96
1377
22
266
1116
713
137
100
385
764
200
764
1824
79
4742
507
326
85
400
2703
162
454
682
148
227
517
301
493
378
118
138
59
73
433
115
61
155
1129
498
37
73
526
1329
178
96
885
831
155
66
389
267
30
1595
1504
435
229
127
195
547
100
714
308
538
338
475
274
359
73
18
178
222
35
579
103
501
25
505
848
46
125
635
707
398
145
1971
193
25
2038
25
126
614
129
360
949
102
221
407
1333
411
89
686
636
128
198
1007
158
576
208
1269
132
118
1808
247
375
1305
145
302
189
354
67
164
217
289
177
160
39
145
374
817
213
484
77
3
395
87
78
100
146
89
1106
259
4776
215
950
465
1500
434
184
219
190
462
503
125
649
552
110
2059
105
241
1554
239
144
148
281
117
1275
191
301
940
219
3
228
453
71
145
164
428
627
549
375
1215
39
276
397
168
890
1014
612
1501
97
97
979
263
32
178
578
285
258
109
886
1048
402
386
1479
336
1187
386
1411
197
166
331
205
161
2167
15
368
160
102
170
15
3456
637
702
139
543
717
413
529
125
667
171
212
765
727
22
39
144
536
1778
1223
202
1481
277
299
9
1605
133
90
33
554
199
475
18
275
911
89
338
85
413
560
94
555
441
359
143
830
117
119
220
31
31
230
87
114
816
539
211
109
302
489
1208
401
534
324
483
1147
244
327
122
1609
160
410
205
1086
167
230
1091
677
6
278
96
161
452
110
780
1627
183
279
119
224
122
423
345
317
207
1604
282
462
346
156
69
330
724
958
714
92
23
168
680
714
192
773
201
1032
406
489
2264
960
195
98
213
149
1325
261
84
255
157
27
87
156
317
24
1102
23
99
634
93
89
1069
290
1064
209
758
115
437
369
323
986
214
12
776
200
848
128
176
2293
516
1224
49
165
671
224
1466
20
132
846
140
2001
130
123
1714
1172
401
298
429
107
149
862
1936
143
118
416
842
199
209
353
2295
99
150
493
228
280
1027
31
280
156
1126
272
1869
177
209
100
2095
140
769
16
115
386
278
715
1082
1482
150
604
14
1643
288
138
252
927
233
156
1348
16
64
2089
77
364
115
1383
476
305
260
1897
225
191
48
1803
501
261
233
569
1219
618
244
500
440
112
37
486
346
186
23
322
154
388
785
1459
40
445
679
193
82
430
261
113
240
188
119
1435
216
179
147
787
130
475
398
291
121
359
83
3229
664
151
392
130
935
2787
168
1744
267
887
332
732
248
369
136
751
72
508
2025
110
9
148
819
1370
523
387
247
154
121
178
155
255
367
445
150
156
679
650
141
162
185
252
537
1392
169
118
475
316
723
424
45
181
607
170
146
705
85
212
542
168
108
644
450
288
239
1413
87
188
1198
242
84
129
261
102
71
126
154
115
444
515
1295
1222
77
190
455
100
156
136
160
362
270
71
173
786
358
184
50
4
120
242
584
1295
633
293
1683
2327
281
178
70
3993
659
89
625
91
283
119
995
326
291
617
92
135
1450
119
154
1374
192
521
1228
40
597
1295
23
388
117
2736
77
102
186
745
58
163
554
126
110
141
93
242
719
586
165
221
372
102
359
406
482
140
644
134
222
87
83
48
130
262
709
2015
95
274
259
13
135
181
2026
145
315
559
110
705
139
534
904
553
1379
971
403
1237
340
642
129
267
564
188
185
276
211
555
361
258
123
119
26
2332
199
401
306
240
633
150
165
461
15
570
465
250
207
6
452
68
249
9
192
158
251
555
1185
293
255
580
1236
596
798
162
123
380
1487
617
195
519
145
1323
78
72
314
114
459
541
318
165
115
308
371
70
127
61
465
351
490
357
2419
1045
2119
528
22
122
2922
269
252
217
306
378
187
216
189
95
286
129
610
137
258
182
459
403
103
371
236
20
102
252
98
76
89
226
76
653
1512
471
123
1456
395
129
1687
198
329
123
393
96
124
1195
175
171
1681
327
1018
622
253
84
420
246
1192
363
333
269
126
134
1402
80
29
1325
121
108
145
37
192
447
104
188
482
140
142
600
171
108
141
87
565
792
162
24
83
679
114
166
2737
143
113
297
149
820
557
139
107
216
315
90
1180
2570
212
163
92
245
248
1178
198
2061
89
50
801
454
2246
130
1162
474
1771
303
161
539
12
730
1034
76
924
429
134
113
629
344
738
123
78
441
105
407
143
1703
326
389
303
68
1263
1032
100
203
810
1669
657
682
112
337
88
284
539
293
982
118
176
132
549
1893
78
512
384
17
892
653
424
245
100
288
1793
88
40
350
519
232
1794
356
245
132
1652
159
555
91
944
114
154
979
412
397
628
260
1525
697
649
304
885
163
1274
2021
169
392
72
242
28
1659
197
193
169
108
81
1070
648
91
812
380
316
466
174
609
93
526
178
151
18
103
752
7
103
487
764
109
103
135
13
502
293
517
135
69
178
1087
555
628
174
2051
715
91
116
274
390
112
373
234
498
494
77
16
823
124
434
436
150
245
417
66
84
29
370
120
1198
1212
210
184
1012
1299
349
271
2108
193
453
2423
2420
157
111
222
74
2307
377
166
671
224
198
1042
722
525
186
714
112
179
2194
364
15
36
1263
1227
207
634
99
553
225
116
631
1018
576
80
22
422
448
473
597
1193
117
152
617
495
139
1013
205
155
715
135
160
655
134
200
243
1756
84
106
161
957
682
162
289
1388
167
211
158
137
74
328
26
721
118
181
180
226
423
1852
69
83
209
341
105
1541
20
136
619
527
352
123
2347
223
288
443
133
107
234
203
718
1233
103
139
162
3003
165
58
121
224
279
81
314
291
34
683
819
480
1355
74
139
101
822
118
863
181
100
243
107
140
461
138
116
704
103
475
105
593
1308
126
363
554
298
572
532
370
398
126
342
17
45
338
811
762
757
85
235
403
514
134
834
349
153
107
1292
845
291
547
2589
133
184
302
1069
103
1350
20
169
521
301
81
129
149
61
647
203
3015
259
117
291
62
181
1293
90
1605
18
807
0
44
473
171
163
112
239
100
112
286
316
414
410
3415
154
61
201
397
129
805
316
164
1147
849
125
101
1206
282
13
285
12
110
1497
678
175
504
1162
1215
34
698
11
417
600
262
74
1607
560
474
416
484
737
241
1714
119
324
199
190
311
116
120
124
101
96
823
163
107
611
2
115
127
163
27
86
1430
278
103
31
78
104
55
231
153
824
165
501
300
99
906
660
246
274
169
1719
496
192
1228
1025
60
38
238
221
645
202
320
143
419
91
165
324
364
1352
636
249
166
29
415
157
117
975
538
208
166
116
541
117
331
85
93
1298
429
144
92
1232
124
61
865
28
124
8
91
160
162
151
85
111
2270
1670
130
252
19
102
207
1995
1192
117
605
534
26
255
351
466
360
29
950
1065
500
81
14
380
228
1132
131
338
513
268
222
180
1694
705
214
497
214
99
37
662
2288
1631
203
149
159
517
162
212
218
518
288
373
284
151
710
185
124
111
223
155
264
62
365
164
1289
145
305
1535
212
9
436
126
550
18
272
21
18
37
49
200
723
754
102
241
92
294
242
414
103
68
145
106
174
164
1279
217
128
24
128
148
766
167
143
94
341
308
243
96
242
1956
723
184
328
875
383
679
886
159
156
568
818
830
587
67
328
238
641
346
146
814
68
519
1020
74
76
140
151
422
83
531
678
2276
143
86
701
471
87
3634
445
13
717
491
201
1715
60
2175
128
1742
131
272
546
56
200
123
257
1128
115
398
1482
327
1736
108
10
93
1393
1530
320
1660
2661
82
630
124
541
211
104
155
650
281
331
271
234
104
2160
1359
256
91
348
478
471
529
458
211
267
1505
293
194
286
291
128
608
3
1433
248
161
1590
518
66
65
279
166
135
32
67
173
177
175
1937
107
1002
172
509
277
112
114
508
94
283
230
160
249
242
156
31
117
214
111
112
2544
1298
846
570
64
681
119
1097
353
486
243
91
165
292
841
120
64
159
344
542
224
117
78
448
1027
69
90
392
266
867
560
1625
146
589
1639
265
235
252
894
182
381
180
422
2103
304
252
1448
1089
87
414
27
1366
1031
246
79
280
124
155
87
993
225
191
1825
313
499
121
134
197
113
221
403
404
1827
1108
133
401
81
354
790
564
489
143
282
26
904
1130
1138
61
544
223
185
343
350
943
437
3769
112
80
135
947
234
95
428
87
90
1017
153
95
49
476
1446
344
77
1439
222
4978
142
488
187
1498
290
1898
296
164
80
1605
75
18
425
214
224
61
1870
589
186
104
149
2241
221
78
1437
160
1431
2195
241
1725
27
138
258
1234
347
339
316
270
421
908
137
190
268
709
1109
18
1048
397
432
905
593
86
2638
641
13
139
382
254
60
82
1855
218
129
792
146
1062
13
142
909
1140
99
1010
3150
258
240
16
153
414
164
722
935
289
118
126
130
102
495
963
865
250
272
2370
168
176
1262
186
1681
73
514
329
91
108
1270
115
764
115
209
424
432
106
586
373
325
596
698
78
483
1125
264
595
247
607
158
761
885
569
736
1121
162
162
620
4
106
161
697
365
100
1194
1450
610
139
158
2040
147
351
251
333
143
350
197
120
421
68
191
300
407
509
346
43
18
517
1235
162
144
225
11
155
415
1006
1293
343
311
232
303
145
603
1993
2175
655
415
226
1475
138
739
352
405
1660
681
23
609
413
156
248
444
47
740
419
378
135
25
488
331
113
191
121
149
146
112
688
331
641
298
479
265
165
410
275
1041
324
557
1608
74
680
192
29
983
837
861
141
408
85
188
338
61
164
165
141
408
298
407
277
143
1327
1040
115
1893
523
1078
686
64
447
641
153
136
158
1352
427
107
551
196
718
523
226
253
362
192
615
69
88
593
545
221
264
1205
15
488
97
1151
186
262
902
359
622
310
375
128
30
14
1368
84
174
17
74
1257
227
114
2270
82
374
140
157
328
355
239
164
157
655
163
469
628
198
441
560
2920
485
1059
440
36
1573
589
182
98
383
1022
595
527
575
314
14
195
557
112
109
1645
130
533
723
663
184
125
498
288
229
345
374
542
75
2006
617
1254
172
616
241
153
177
2071
203
203
463
171
65
978
308
739
372
2184
1027
226
480
123
133
119
52
290
749
592
76
1714
315
520
16
255
245
89
222
1071
207
216
1549
406
114
189
404
10
216
270
1641
445
594
830
538
336
167
93
212
421
1529
364
91
275
156
294
700
3128
179
359
395
591
64
238
132
60
217
151
1178
70
201
940
1071
135
453
1006
413
12
1733
141
279
102
219
408
676
106
682
96
485
785
150
1533
476
396
592
687
365
516
98
264
475
362
94
154
287
133
1152
61
647
285
501
575
1261
17
235
301
124
138
2000
251
291
329
47
268
114
195
108
120
1032
64
470
835
421
384
1439
1001
2643
178
328
1271
157
174
853
198
150
547
111
1227
1151
50
81
210
151
723
2311
134
122
148
2114
199
643
103
875
2073
138
189
213
107
390
4
345
192
115
38
127
384
625
198
1896
1290
822
142
333
140
74
2812
573
112
665
845
90
843
935
11
239
162
1155
811
408
213
113
453
41
326
1050
9
540
189
157
8
236
222
916
70
215
2849
1109
275
110
303
973
144
218
14
542
110
363
1144
119
209
92
233
2019
128
348
471
413
360
143
219
645
178
1142
388
74
538
545
8
92
1052
555
403
154
155
341
118
301
1366
330
118
119
577
113
110
1891
312
124
81
186
13
170
394
119
169
551
937
291
704
207
16
187
143
168
67
151
240
397
1561
75
719
517
173
88
223
164
522
1550
137
616
275
1164
152
1217
186
586
946
120
142
1400
396
227
347
117
1913
116
220
124
285
1343
79
42
217
244
18
253
636
416
867
671
290
259
154
337
168
115
57
537
1021
13
149
96
530
34
217
197
283
439
699
250
597
695
152
446
478
434
173
354
829
81
463
374
1649
379
332
185
128
1340
219
625
229
99
494
442
66
136
77
695
34
1301
573
201
109
138
165
521
133
144
814
212
523
383
118
359
496
788
181
976
1671
607
169
130
282
1033
183
760
331
2040
99
515
118
265
58
1259
121
23
159
31
135
1540
269
415
106
781
141
628
3435
505
875
100
346
769
485
275
145
115
1906
54
1002
206
293
75
2334
127
82
117
59
1180
296
1261
192
144
418
133
134
732
953
88
332
72
530
824
141
784
275
906
146
191
114
464
617
643
97
133
463
86
212
246
135
2834
88
163
1224
227
1124
190
1638
345
1402
108
210
115
168
480
1520
267
548
133
315
155
1149
429
388
167
200
4
665
136
318
622
133
447
1053
302
274
160
245
129
895
145
432
706
1622
218
484
259
459
1799
20
87
558
413
38
101
253
148
180
349
1296
276
25
88
13
470
273
133
408
115
79
708
371
820
400
494
170
624
742
105
148
1918
746
309
1749
613
3209
916
748
127
32
998
938
689
257
184
14
166
69
348
182
218
94
128
98
72
706
37
171
216
122
435
541
176
433
203
1182
689
88
314
90
164
268
87
651
181
1052
1182
567
204
242
87
32
215
732
273
349
464
261
193
354
10
316
234
183
95
7
324
425
180
222
220
415
20
324
110
553
260
274
113
833
521
242
244
121
149
197
412
324
336
1736
268
305
461
685
94
610
2453
440
660
223
615
58
256
179
153
75
3127
679
57
300
201
368
72
264
490
151
786
18
20
180
365
385
171
427
88
432
82
127
115
634
2140
500
413
349
61
124
1450
247
433
495
358
104
667
369
81
689
10
828
103
53
144
1
432
156
144
1782
128
162
279
229
299
230
526
690
139
1302
112
504
309
661
636
172
396
214
1429
125
14
431
535
1986
80
1113
177
1043
89
209
760
117
513
230
432
1556
411
208
1822
259
839
233
18
122
318
144
366
165
848
11
446
35
702
133
1733
119
132
357
472
190
172
88
437
517
821
102
330
208
216
586
189
476
482
926
1264
352
554
504
619
42
39
338
331
1552
83
146
123
1230
119
481
854
201
446
218
441
1691
1046
165
2211
131
79
124
8
163
121
838
300
130
609
227
719
120
326
552
127
119
68
117
194
196
979
461
254
1070
514
26
241
39
203
62
153
34
575
258
132
104
108
277
342
1606
21
524
90
163
472
1171
1293
640
379
231
1087
99
273
477
169
103
1348
612
42
4976
515
598
201
18
68
240
53
311
80
68
79
319
651
128
465
838
155
28
241
225
120
196
296
119
98
90
828
398
99
1033
460
190
3107
243
1402
621
2042
1801
514
281
666
2062
518
164
974
740
62
1827
199
484
117
610
1605
83
483
123
1730
116
261
427
276
464
887
569
214
1478
63
17
166
1178
112
388
1082
311
101
189
117
167
393
212
66
281
37
659
362
627
168
1611
36
44
3151
323
1266
74
270
135
57
558
261
388
2599
940
117
149
574
3320
232
690
4
113
343
278
266
496
635
261
237
265
656
422
466
311
26
620
159
638
1330
155
123
153
36
192
75
1326
366
216
287
714
201
1144
470
236
538
387
30
404
519
73
754
137
3349
2415
121
762
235
116
559
302
109
467
123
363
405
1121
157
65
166
128
638
451
285
544
179
423
647
365
131
198
48
724
1465
291
649
959
524
17
455
179
244
92
394
600
237
437
23
406
86
286
603
1333
90
65
378
2409
130
134
676
2319
751
862
332
393
276
1569
1628
105
469
144
179
23
1057
151
243
1680
11
567
191
57
104
28
315
306
407
1314
334
293
109
1
205
537
85
365
177
730
499
2064
178
80
12
808
267
172
122
333
182
261
90
655
1264
110
1019
186
152
140
278
3438
149
555
401
610
565
241
513
109
639
86
371
200
107
818
372
80
288
401
351
36
280
63
257
847
204
670
6
635
124
785
133
176
1513
2228
699
778
43
22
277
509
139
512
659
400
2643
126
84
573
915
101
125
749
924
95
879
84
604
131
101
516
317
1592
1244
134
74
134
276
1659
152
697
216
181
1056
25
3082
137
283
77
1325
683
1145
88
134
292
1626
444
146
444
1055
214
2160
242
342
1264
89
150
334
994
120
228
113
575
153
215
171
220
113
69
139
326
120
316
444
191
117
193
18
173
2259
446
1475
183
190
251
706
820
498
316
112
87
70
589
368
245
73
128
13
132
424
735
90
265
245
1101
2018
2179
56
228
290
210
418
500
103
129
254
85
697
655
204
73
374
280
166
578
90
319
232
1344
135
22
498
203
738
1222
125
344
134
26
512
407
358
1094
142
88
243
144
364
92
59
144
150
134
566
6
185
158
97
111
54
218
350
149
299
92
123
346
3149
97
1850
1375
176
973
851
1541
29
109
77
173
264
1257
957
842
426
355
1502
600
346
94
415
659
175
148
563
1086
224
460
1040
1405
255
150
213
74
621
582
1768
264
123
157
534
464
45
143
701
377
1372
401
1535
445
180
246
370
18
452
978
310
131
909
228
418
59
1945
729
839
211
1698
1243
444
251
243
175
330
192
84
754
470
230
408
2471
1436
464
1469
1998
223
188
1554
183
178
1016
745
268
101
112
490
14
957
38
596
351
173
508
181
108
462
275
265
112
783
684
172
708
164
70
857
167
2537
643
146
1716
130
139
99
7
181
198
80
14
204
208
153
360
13
314
103
555
199
153
241
48
586
2930
2395
462
391
378
853
118
39
153
122
382
400
548
1435
77
137
221
84
427
460
793
85
51
149
220
235
295
158
167
767
512
229
198
119
128
13
110
1198
118
122
444
13
442
430
773
2110
1027
156
958
265
146
331
1014
236
295
269
926
197
230
188
358
225
261
153
251
1610
459
284
366
268
181
533
446
436
125
2322
1013
155
1997
675
133
229
113
158
31
1778
2823
638
384
1986
26
462
546
316
4
519
140
574
158
248
463
114
338
172
1017
81
138
1036
99
1689
1509
38
508
63
472
1185
688
489
1299
10
494
134
827
353
1359
151
260
1358
1345
359
6
68
378
169
147
636
98
134
469
138
198
456
64
1585
226
113
223
2612
125
79
193
480
123
318
1469
41
1611
100
160
198
182
132
106
213
128
772
285
652
74
63
190
907
1807
690
376
24
78
73
161
214
202
1022
1044
460
95
94
441
122
81
473
1542
115
694
56
302
255
507
430
1553
103
429
109
575
138
276
246
897
554
157
228
264
344
175
122
437
1185
421
485
226
231
347
389
206
466
169
356
416
202
596
102
174
109
177
1175
533
509
1287
403
101
823
2062
106
284
390
15
25
471
714
816
415
135
290
165
733
155
131
110
865
934
607
421
1102
808
241
76
1560
224
654
757
159
37
106
231
801
155
177
19
167
624
1222
324
330
77
582
3326
1034
261
723
79
169
113
135
2009
698
93
306
162
922
139
196
626
863
574
75
13
115
35
579
516
2388
197
115
154
317
84
609
159
445
1208
1383
775
375
630
2183
164
353
10
370
546
225
1586
106
197
193
633
113
113
103
143
1576
351
422
1273
138
270
2346
177
199
817
119
1032
113
115
198
135
282
177
148
880
133
158
2
98
151
183
119
186
141
131
21
714
127
578
425
284
74
117
387
202
220
125
1465
37
108
1056
24
531
144
260
99
722
163
221
128
1621
362
400
220
305
100
256
506
115
109
157
624
880
987
100
56
79
99
325
276
515
250
212
1033
144
262
144
589
1182
315
231
223
336
366
474
590
303
183
101
67
107
847
94
183
123
615
897
506
31
394
320
287
818
17
79
152
412
501
218
5
175
426
122
124
819
551
628
84
97
372
66
156
227
640
258
199
149
49
835
148
529
596
128
21
1170
188
153
207
89
610
196
163
1036
515
79
256
260
176
357
10
339
753
166
95
118
622
295
480
60
95
84
426
348
130
2353
157
1999
351
2429
991
102
3123
25
406
291
238
491
779
601
277
2008
241
2561
195
22
221
141
107
2279
63
1551
38
147
177
1211
238
155
858
893
288
170
212
127
208
370
27
1041
239
743
164
53
80
157
299
248
16
118
458
350
432
281
193
144
48
223
791
382
625
29
512
155
511
213
1071
1344
413
392
70
1370
123
282
86
96
249
227
783
151
208
983
480
1053
591
338
267
284
126
197
656
493
201
270
743
1777
391
196
1095
295
231
526
219
442
45
208
123
403
270
1332
284
530
171
1187
2450
453
330
75
1909
206
257
305
178
198
317
1276
1087
564
6
684
423
385
346
577
1085
247
237
163
441
60
309
148
1288
281
173
221
238
474
394
260
37
199
1764
526
342
430
117
109
186
443
240
112
475
143
204
169
207
312
284
270
635
600
947
119
1138
156
135
303
115
125
85
31
65
95
286
285
115
165
138
318
852
228
299
585
99
142
1047
658
463
560
543
351
929
4
176
160
1510
262
171
581
1117
135
512
310
663
166
1320
150
1066
1604
125
251
910
563
193
797
609
448
65
4077
62
446
247
461
373
944
1199
82
45
91
87
412
486
332
105
110
405
264
108
218
123
407
23
193
182
321
155
190
6
129
293
149
2263
121
300
734
86
29
277
193
584
703
725
70
511
240
101
482
420
11
1374
358
358
431
28
106
1433
332
91
1426
103
1023
117
427
414
716
144
106
128
131
1790
295
246
184
552
176
74
162
223
139
1652
725
851
299
3087
131
464
1313
159
221
81
36
2176
75
141
152
885
168
696
1027
2398
155
603
1220
147
422
186
159
963
83
668
136
695
155
908
849
193
861
282
11
301
95
4032
99
531
466
289
126
70
369
835
81
2962
98
486
1476
729
43
513
47
402
15
35
2156
187
1563
149
216
96
113
75
202
126
126
782
391
409
370
427
301
59
266
128
775
573
48
27
345
427
243
64
773
444
627
15
278
167
185
221
114
119
144
1165
92
160
213
336
59
582
205
98
237
1462
556
276
55
147
8
1623
25
3861
408
140
236
232
990
590
1420
374
238
182
308
422
339
248
391
272
231
395
169
797
586
428
213
465
58
326
182
1975
355
822
250
194
208
570
183
833
310
982
782
158
327
579
1125
221
386
1348
401
635
1278
192
528
1824
481
261
273
110
373
209
1106
107
147
119
165
581
809
549
109
234
343
236
453
865
808
1845
210
306
87
71
1391
152
481
138
47
878
131
508
186
208
306
446
162
526
184
391
25
1269
88
124
459
462
2110
131
1301
208
170
181
90
631
1988
140
1657
398
1185
93
110
120
143
503
97
467
376
1246
20
582
760
69
514
119
121
83
1423
3486
80
461
199
725
179
213
125
268
225
382
948
690
257
90
1263
711
96
613
137
900
68
427
1008
627
1643
161
353
156
91
241
345
127
696
124
77
1313
125
1026
559
102
336
135
88
188
526
350
196
254
196
910
579
981
83
106
482
176
432
20
539
345
2415
285
373
110
499
224
290
90
407
620
852
114
82
865
712
98
32
816
128
666
249
51
2111
557
200
567
250
1481
933
177
174
131
2281
107
186
64
371
62
1220
380
81
107
303
110
112
774
549
366
137
2031
178
242
73
181
713
115
1504
335
246
1377
597
123
1366
454
58
460
133
128
3410
309
271
57
135
114
94
162
114
587
165
784
169
282
19
93
159
469
903
1070
130
477
417
157
15
789
671
296
116
136
397
21
211
255
242
377
149
888
747
2204
229
346
1092
550
157
116
11
1499
194
180
1320
491
148
352
2193
147
263
100
262
47
442
357
167
237
132
636
781
329
140
141
208
76
160
1379
35
20
113
124
905
223
289
197
237
469
937
294
228
289
326
277
228
115
631
110
2077
254
99
454
691
345
117
179
454
205
144
764
916
65
308
170
246
290
195
150
320
109
208
312
204
729
29
298
216
136
113
414
468
160
164
222
463
478
773
182
21
94
97
140
15
1933
253
157
446
148
44
724
11
755
127
191
503
335
184
167
194
866
56
455
101
212
169
240
17
687
344
420
360
160
340
302
87
90
107
364
156
3127
259
490
1180
567
80
709
92
408
54
349
1119
217
73
150
678
917
705
677
264
742
397
316
198
309
128
137
669
2858
142
506
114
239
221
176
2131
700
313
845
3725
122
183
1043
105
451
619
177
373
1215
532
1496
264
339
169
161
1838
351
130
4
1122
837
669
312
141
823
3288
203
212
822
165
246
146
375
118
16
111
38
193
98
1120
537
236
558
974
130
366
454
390
218
79
155
843
81
98
457
75
206
119
720
1040
673
232
1175
133
768
198
825
943
286
54
1037
665
1427
524
449
167
75
164
97
163
262
244
887
132
99
165
582
346
220
307
234
668
466
101
817
78
158
172
259
864
131
434
245
165
489
154
2
368
668
1084
111
1644
599
237
588
203
1641
560
397
361
91
194
193
238
1859
251
70
390
312
90
668
336
2830
177
838
139
583
141
91
2194
211
247
135
109
389
387
439
123
68
630
161
157
125
819
372
246
796
1218
201
96
172
1441
485
249
192
107
386
1883
1341
1403
405
37
21
219
347
618
391
81
215
8
656
553
188
425
257
224
128
361
286
263
107
341
259
881
159
905
81
107
483
821
475
582
209
2336
887
775
743
547
796
45
103
18
695
161
91
1948
95
1199
805
252
136
186
23
232
484
108
192
62
24
1598
1392
465
16
527
149
381
85
99
102
113
60
141
785
326
2472
826
750
187
2137
749
110
1572
1184
159
1212
622
478
401
132
2960
3486
324
217
206
424
242
630
250
95
1023
75
369
268
383
1033
1490
430
107
212
129
151
159
191
568
1580
157
307
150
117
780
606
208
444
1576
430
91
316
628
94
137
926
15
847
126
441
107
505
1578
619
1168
14
281
205
2078
176
8
917
1827
387
474
132
312
316
394
398
398
64
1183
139
864
87
157
234
4072
750
266
75
127
549
197
751
980
184
100
2371
753
393
700
1034
24
808
187
60
393
198
356
775
22
441
104
2640
602
159
87
1669
686
436
153
109
924
192
261
148
172
342
360
3331
1000
53
207
459
463
252
149
367
317
298
173
434
182
16
60
202
800
525
250
300
177
235
519
936
179
145
728
397
276
885
280
255
414
135
130
1272
95
252
1400
1363
1346
495
315
449
844
269
144
2289
828
139
97
113
329
234
597
513
371
84
160
391
701
113
83
159
474
141
314
259
70
799
116
229
1037
1007
22
278
417
70
828
554
88
122
132
280
520
397
106
195
1019
496
138
140
3514
100
29
141
312
132
4161
558
163
91
146
251
191
126
115
378
356
783
120
124
66
285
293
154
83
1049
160
60
214
802
88
133
94
191
133
302
99
149
46
838
480
2298
321
256
226
396
1740
414
220
167
143
421
996
320
1175
446
19
101
450
28
225
421
233
1281
617
18
613
165
971
152
188
157
873
611
1523
180
190
477
513
820
107
418
338
91
628
447
445
1959
296
319
1401
72
21
185
321
736
35
98
1356
106
2645
644
1470
1416
495
1027
232
116
159
84
169
114
86
56
467
2111
180
152
247
309
156
1236
572
303
433
465
521
991
482
841
165
154
123
2496
2005
953
162
359
45
2343
115
153
637
2639
547
940
633
1064
187
781
401
625
229
426
602
161
399
82
202
897
218
710
448
261
195
145
178
2017
63
1738
505
1770
124
114
218
170
88
365
102
273
1234
309
101
34
153
38
320
524
803
45
1005
707
459
637
261
598
595
231
99
2068
65
1794
65
96
381
162
1084
162
196
301
1519
14
786
1015
2429
127
93
311
227
264
160
448
92
17
697
404
607
483
604
314
146
434
92
1265
118
245
422
815
1004
42
391
402
228
148
209
153
200
398
89
1823
101
221
270
996
182
146
242
187
364
171
575
181
472
104
243
889
625
2648
135
119
2243
125
18
980
1449
275
715
83
544
129
430
152
203
466
129
1298
593
536
130
256
116
509
182
101
174
354
94
131
132
130
114
1149
330
147
154
412
517
227
85
86
1431
128
1241
417
178
426
117
93
110
182
390
288
222
505
229
1339
82
1614
98
108
130
125
113
366
420
311
214
103
475
100
216
72
556
199
423
307
1367
1429
130
75
525
468
189
206
298
676
834
1059
442
137
63
554
372
103
157
380
161
880
509
244
133
2815
176
235
554
442
444
582
168
183
178
398
1782
89
71
288
334
8
180
137
3526
172
1633
689
215
79
638
112
1267
370
916
1457
211
618
300
178
173
597
424
146
170
801
2313
773
1058
120
434
622
112
1906
298
200
118
21
242
1032
105
602
124
49
709
351
77
101
375
318
438
1641
75
128
75
161
509
63
298
575
106
458
105
1401
188
116
440
88
36
95
602
235
357
429
194
618
166
556
252
172
165
530
225
165
375
267
23
224
918
191
744
64
430
455
122
353
233
803
697
62
356
90
262
654
73
245
41
150
2
41
190
183
68
63
529
652
516
754
415
245
552
200
2725
484
531
199
201
216
50
1860
2935
418
728
76
464
339
440
392
1008
164
151
194
72
293
224
105
365
376
322
403
371
23
275
242
1095
260
87
718
248
404
1904
208
1779
79
145
279
260
1221
107
363
52
225
597
358
1233
121
678
392
168
2655
517
83
979
10
918
436
207
762
1755
136
433
703
212
206
91
160
129
577
450
416
24
202
421
1638
159
155
23
1969
119
261
1230
164
188
378
319
145
171
187
71
686
189
141
121
1363
271
120
393
95
147
225
757
162
47
527
120
473
220
142
200
86
743
107
1099
635
686
15
339
1053
699
455
275
149
388
170
321
88
427
440
151
2576
139
247
169
586
519
1064
16
139
121
256
396
153
264
347
366
1565
253
257
637
165
124
513
1219
656
866
760
688
461
135
194
778
848
163
686
119
274
394
598
282
2389
140
824
1011
252
526
288
748
328
88
71
497
361
627
470
112
124
163
97
576
432
2305
137
141
344
77
216
458
76
89
412
254
3052
732
545
1005
398
194
463
98
543
200
189
536
252
130
46
116
602
246
1775
105
185
164
15
605
60
351
83
127
104
242
269
1587
235
786
308
24
523
349
95
347
133
1637
386
231
2196
177
2174
8
346
3371
173
269
1116
267
52
175
320
83
531
76
398
188
77
170
558
129
208
395
229
20
183
171
352
345
368
260
809
97
2292
225
389
306
294
1464
177
213
80
161
724
295
123
218
199
1668
1696
865
1413
227
21
171
2271
274
110
3122
119
1194
86
524
211
1271
404
1569
431
847
89
738
540
286
118
188
37
116
216
318
278
447
496
203
678
269
190
201
393
488
255
306
150
74
352
766
523
441
75
307
467
103
128
127
24
25
182
527
27
434
291
295
22
19
194
1247
206
130
311
1411
125
544
209
457
601
181
284
216
167
126
606
275
77
68
203
79
1040
191
236
109
130
247
428
98
115
86
556
251
79
254
327
51
381
559
495
86
62
582
1743
2108
233
101
75
2295
2
457
2272
8
368
86
337
386
14
2110
486
1079
160
912
1672
705
165
784
468
464
201
454
805
473
20
302
146
91
1027
218
368
120
1089
134
375
150
30
103
272
169
342
1533
82
641
75
172
1233
449
824
165
569
154
2473
154
377
145
1681
1029
773
627
156
273
147
143
97
650
384
1442
248
28
64
70
153
80
293
97
646
75
59
429
1024
877
4
149
435
564
519
683
577
261
249
141
206
104
1284
109
83
174
542
599
87
851
60
411
205
236
669
22
81
174
89
122
385
1482
63
89
123
1279
331
735
611
1067
3029
105
129
164
297
364
184
92
1351
242
782
198
137
1134
1148
152
384
543
93
639
227
169
65
139
351
206
197
176
261
35
249
184
199
125
644
255
153
288
531
2207
770
1346
656
376
344
1575
2162
149
885
659
127
180
547
321
156
1577
150
216
1108
94
79
469
279
254
28
287
87
155
623
193
436
56
771
299
364
21
1646
54
521
31
387
80
295
2139
327
174
101
68
109
86
227
109
380
404
121
525
2853
161
737
776
1151
282
285
51
144
224
96
682
732
2009
420
13
171
189
772
3453
107
2869
400
621
992
117
197
151
190
475
21
143
658
355
18
194
215
1157
1643
170
103
379
64
1276
4
800
117
944
132
699
580
80
341
1370
467
185
362
221
106
265
1191
320
101
78
128
80
681
2124
311
876
4806
3083
244
405
1266
165
418
382
222
28
229
825
1338
337
186
97
250
338
160
202
10
116
572
1580
1318
154
170
167
179
2477
169
102
288
418
135
457
21
480
127
161
106
1347
602
172
134
66
2265
138
105
538
322
105
132
206
392
1653
1561
85
110
785
864
1731
217
418
246
368
110
197
122
1862
165
155
822
138
249
132
104
26
53
844
436
170
127
537
164
146
364
102
523
126
82
114
418
149
171
262
65
250
512
269
218
173
210
135
92
118
457
918
447
1890
1533
349
254
517
169
652
193
588
159
1648
4
508
257
180
1398
182
129
665
234
497
1561
146
96
1470
161
175
159
116
120
122
242
148
701
128
332
404
455
77
616
120
101
195
575
206
1734
186
182
2269
163
76
122
773
450
159
497
718
13
179
294
181
91
739
240
171
175
711
203
480
195
754
525
283
156
337
686
145
164
120
180
103
1078
125
3131
1308
654
152
417
586
179
168
442
1084
96
139
244
451
71
24
533
1226
148
431
288
312
440
55
73
652
201
28
426
159
165
602
760
798
250
90
1320
156
27
162
248
66
666
189
527
442
215
210
506
109
180
142
158
83
153
182
313
987
148
1242
359
229
133
20
412
156
177
963
93
598
456
181
480
195
772
241
2581
122
152
80
135
129
229
168
113
73
418
909
280
1522
172
670
239
168
418
474
128
705
158
457
255
744
422
528
273
482
1009
462
379
238
620
594
294
3429
67
323
182
192
17
795
108
691
506
1296
119
226
153
449
186
260
19
21
375
871
859
2598
1355
394
441
550
244
660
98
996
240
688
1472
193
110
71
525
820
555
408
404
519
291
391
149
163
406
165
112
1383
335
630
170
190
2452
395
260
143
209
147
331
1489
93
504
142
380
491
534
75
152
506
625
1098
77
543
406
1199
105
1001
142
845
501
536
366
1057
1007
267
1083
160
881
52
133
277
40
1342
578
306
405
302
40
197
275
694
653
1105
654
112
990
810
134
733
71
371
588
1124
749
160
851
502
366
1503
133
567
177
815
34
612
29
242
82
184
90
992
40
163
456
211
230
163
188
137
200
161
246
2069
322
121
431
2049
1540
1540
116
223
182
743
4339
1096
78
656
220
600
276
1064
723
32
667
112
550
585
76
187
423
172
17
1167
668
201
348
151
137
894
683
376
543
23
1730
276
87
122
19
799
512
408
227
310
296
16
151
130
245
597
421
710
17
96
511
76
169
467
568
827
363
1363
232
26
2548
426
13
503
174
195
661
233
85
19
366
211
136
83
1697
2017
86
378
1145
6
486
1648
102
206
2941
593
50
158
122
29
230
430
549
282
1269
56
74
906
783
1046
156
722
284
185
1010
295
188
359
402
793
445
90
480
1091
127
145
153
150
335
153
6
1994
2380
676
129
101
189
761
4360
1262
367
146
62
101
756
87
1811
94
596
601
128
541
38
101
161
488
558
149
175
238
86
157
2560
98
162
99
516
418
262
217
94
551
222
133
162
152
12
177
229
62
626
71
224
208
112
181
1261
86
94
131
119
205
157
147
360
304
629
1220
833
228
485
367
353
256
234
2574
2293
149
155
62
173
425
151
219
650
19
74
1609
486
1347
1061
1326
12
201
1929
72
188
624
1237
17
80
130
417
1042
198
401
228
153
57
1668
100
227
532
25
295
782
2888
308
383
584
1080
91
142
229
432
437
157
217
277
518
34
245
108
251
164
171
243
520
1095
46
677
98
1717
111
249
357
168
281
152
172
4307
506
258
222
262
101
152
135
235
236
336
92
399
470
120
170
176
151
182
79
342
1255
462
791
106
204
163
176
203
46
215
132
490
136
840
18
358
348
88
1325
1281
212
400
68
415
275
1236
221
100
292
193
199
848
87
490
229
158
56
898
225
150
338
90
105
279
165
421
97
614
224
2546
168
1358
100
222
105
135
254
148
462
161
415
632
1602
870
106
2550
30
372
1386
259
3057
79
1468
46
130
1056
163
1059
137
3317
177
322
1139
96
161
676
184
84
122
674
506
201
557
692
138
789
435
151
140
25
160
397
324
334
439
221
484
1185
127
56
129
114
40
186
330
130
140
149
151
205
349
1781
921
78
140
555
97
659
131
1264
293
482
50
205
361
133
570
426
150
284
89
172
1457
81
224
687
781
583
466
146
106
121
383
121
1738
488
271
659
229
136
15
372
725
476
140
123
497
578
140
41
986
364
1104
420
543
707
223
157
126
537
1915
546
252
12
312
941
209
260
1275
1560
85
860
494
126
448
200
36
164
972
130
80
127
21
260
520
82
242
629
111
158
420
1944
92
1028
230
163
255
531
239
121
147
549
132
303
180
847
745
616
77
19
1537
75
542
504
71
57
38
19
983
1030
73
262
262
219
3457
137
161
136
225
1052
1937
170
83
183
1017
1681
105
216
2877
200
146
1062
152
220
235
441
277
1713
791
371
134
139
1016
688
21
113
191
1019
151
144
124
449
593
829
293
628
327
407
29
1162
480
441
107
136
106
36
1702
477
327
90
178
72
187
360
116
301
565
179
466
96
558
233
1308
1017
1402
111
428
399
128
115
181
1154
169
1071
319
741
80
87
250
188
360
752
784
1207
120
375
973
89
155
1007
872
124
39
1591
153
203
175
171
142
889
2130
1111
1294
804
556
226
114
621
1567
116
179
257
106
413
720
82
302
133
27
513
11
25
154
227
993
195
1241
2393
347
131
1988
644
134
155
947
33
13
446
67
115
8
151
430
1003
407
134
26
760
157
31
439
258
337
282
473
162
198
327
24
110
754
115
64
192
1034
1727
1935
485
144
1811
31
217
90
222
249
147
137
367
683
167
235
19
192
353
550
9
1647
296
735
677
2290
9
70
894
266
152
168
106
1904
82
103
687
152
1825
1150
381
1410
71
549
131
128
14
80
154
504
116
199
243
277
161
531
421
153
203
211
2043
23
154
86
104
897
22
125
155
747
121
105
551
189
1958
549
848
554
200
16
2293
72
576
41
110
436
233
965
190
134
5
177
736
182
58
121
270
177
1505
104
215
85
478
45
238
70
199
161
623
386
605
257
341
788
461
88
296
1237
422
1527
201
593
83
119
876
159
167
308
7
716
1730
208
120
635
139
292
3084
283
1016
140
120
6
160
441
125
122
74
7
177
423
1893
210
658
233
2176
431
288
320
15
474
46
159
308
565
73
568
154
8
351
933
111
461
1134
308
296
444
755
446
115
13
122
100
614
982
79
1027
90
318
129
141
535
1444
631
447
97
659
323
509
403
701
25
108
148
433
738
174
423
331
5
447
2263
408
332
252
232
73
1391
135
127
215
239
1301
789
46
1254
87
693
537
153
119
339
48
1190
351
165
466
520
548
18
741
178
2056
95
1429
450
105
80
1421
72
134
102
1460
126
742
971
227
4451
190
1160
95
124
947
54
540
172
669
77
206
70
99
19
154
84
203
1004
155
176
276
56
489
102
237
118
108
158
458
919
3
90
293
1629
153
160
114
331
1165
79
175
1164
518
96
1333
424
219
1310
499
318
147
248
101
84
136
66
1810
136
69
796
1540
94
1890
278
231
607
15
1027
217
890
392
1283
491
67
193
902
181
699
250
155
98
144
72
1270
405
37
394
25
220
819
1403
73
422
1537
1315
995
730
84
1320
349
698
308
387
188
190
1512
320
910
1045
106
3011
1136
644
783
188
1771
374
1523
80
495
91
272
424
90
251
217
203
458
1770
577
96
70
737
326
122
1385
942
1699
238
941
410
432
327
71
154
330
1481
150
151
361
139
206
203
93
514
854
1224
26
93
770
1443
227
384
874
587
241
55
619
1298
287
161
157
111
275
584
165
186
83
1310
1088
7
185
246
250
179
554
122
159
69
379
268
123
433
467
167
140
275
180
210
2369
115
213
147
252
148
2783
74
162
1021
849
279
289
15
38
562
343
190
302
171
1285
135
379
990
606
79
749
1019
127
315
86
514
276
1386
647
219
956
101
18
704
2614
398
293
70
532
253
464
20
330
592
162
577
165
390
115
762
243
11
909
2176
265
1525
2237
37
773
260
7
350
148
917
170
127
544
777
110
730
636
136
945
115
458
363
2521
437
144
119
290
512
391
507
115
145
170
599
548
218
839
95
363
53
972
2068
369
2384
96
424
66
410
680
193
725
16
2507
122
1024
385
38
24
1315
380
888
177
121
600
1654
423
175
644
1666
504
580
593
484
725
239
114
44
814
292
1523
820
112
130
165
93
384
120
109
90
134
159
86
287
133
49
510
180
491
24
1129
131
592
157
420
513
168
225
450
115
218
396
1298
185
412
142
751
647
329
207
608
457
494
82
206
525
167
1120
1080
23
175
380
229
830
94
883
67
207
676
87
832
3058
1059
92
261
407
472
929
791
190
172
257
381
403
225
456
1217
13
1801
105
252
623
437
838
69
318
620
151
1294
724
275
1627
554
103
443
84
2221
325
992
532
640
114
232
896
200
177
206
892
61
385
228
597
177
375
251
617
234
298
1302
171
114
1349
928
165
194
219
75
120
89
431
186
36
240
610
199
98
86
276
176
398
126
302
238
534
507
449
102
232
523
78
395
60
97
59
188
241
38
96
435
252
731
281
158
303
170
962
643
1097
408
124
376
86
103
355
454
595
944
2503
380
369
134
354
472
359
142
435
580
576
187
11
209
161
233
139
3284
277
193
452
503
199
160
402
704
2218
689
343
706
181
454
824
58
95
650
57
204
130
31
148
160
151
319
240
143
405
158
421
114
13
175
123
134
456
28
52
71
772
2529
277
17
508
47
703
143
161
354
1244
258
875
39
544
210
107
190
311
679
169
52
136
241
124
1435
337
1390
2627
1275
85
627
464
116
1343
1648
225
622
266
294
260
259
16
22
415
92
206
267
84
7
420
76
231
222
458
1134
411
114
124
198
111
1034
717
67
488
70
497
114
1004
161
86
2802
27
606
216
15
152
1041
1105
1758
23
312
790
13
339
319
2069
605
101
667
167
69
537
928
994
556
87
459
1129
96
220
234
928
1191
322
29
659
113
158
123
467
130
153
68
708
313
108
398
422
367
87
50
694
256
63
387
77
1136
581
179
1368
592
770
517
740
360
1739
244
127
308
1295
276
140
1197
160
195
102
180
1388
422
73
862
499
1264
275
88
1186
1576
394
387
716
113
226
38
126
572
91
448
4797
544
224
127
275
153
136
1568
1154
458
1054
1573
220
333
156
621
164
406
1873
84
335
825
450
110
296
76
462
174
31
1043
43
159
630
337
117
520
124
332
679
177
368
900
106
191
376
1237
143
311
1235
400
1503
90
662
479
177
718
1220
390
1249
69
132
1029
409
225
146
618
644
1204
2530
436
131
145
1730
194
492
140
22
126
723
2233
93
161
2059
183
15
575
1151
227
60
172
1032
643
141
333
91
22
1171
413
284
183
996
513
200
232
355
136
503
54
422
126
338
336
247
2071
647
377
165
217
293
612
43
147
24
133
307
1223
369
397
465
462
1274
1532
81
1082
1337
267
143
1003
1091
237
266
372
121
463
40
503
1736
749
307
765
289
94
116
166
130
114
627
189
299
159
598
66
70
83
294
124
401
253
507
8
1132
433
118
254
78
155
225
333
39
97
164
14
97
117
166
508
185
130
57
179
148
424
77
721
15
267
254
1253
466
1745
73
919
394
91
380
2044
153
163
1253
415
6
102
404
12
100
210
546
36
247
1370
17
658
435
1530
269
122
164
2026
187
411
353
566
175
261
541
526
701
439
40
1671
465
347
149
40
78
156
572
711
204
68
613
374
27
383
361
349
143
127
960
1187
245
139
647
89
247
140
169
151
550
40
489
167
267
1728
643
375
55
193
619
259
127
644
1094
76
143
222
52
771
333
194
126
1287
43
1819
401
239
290
226
180
118
708
75
343
364
18
410
98
135
356
404
1511
410
97
790
84
144
100
179
59
383
1104
176
1063
371
1348
418
992
173
267
261
916
19
30
240
222
320
324
1868
354
211
1135
140
65
114
6
500
279
1201
1407
473
2429
542
360
19
848
277
151
852
126
614
204
82
152
297
476
662
14
174
295
717
183
105
128
1372
572
92
217
1039
189
2390
6
1023
122
41
356
142
318
1549
742
926
29
622
1134
331
555
34
506
150
312
87
206
241
150
139
378
366
107
1343
305
217
677
494
429
473
147
210
103
1236
108
478
371
244
97
186
1703
1557
225
277
533
978
76
306
71
719
30
612
673
20
2495
583
1053
945
370
1639
154
17
333
408
273
258
143
6
218
1145
137
1073
1932
189
731
984
101
1369
151
788
100
192
543
609
494
2314
100
451
106
116
41
34
153
555
86
396
344
1969
179
569
27
458
586
48
276
236
144
278
252
324
194
171
388
134
363
498
530
415
197
546
429
174
378
378
197
97
295
425
631
121
177
888
1963
563
939
1324
592
357
23
292
225
241
756
168
651
574
2684
699
123
236
245
449
124
789
1072
694
409
1136
407
30
1098
105
93
1058
1046
154
860
9
147
258
50
251
406
395
1220
551
69
528
573
101
559
708
441
1421
413
75
28
3148
240
107
106
513
1231
594
79
124
171
588
308
814
176
118
114
297
59
734
137
575
101
312
3
268
487
470
173
999
363
821
693
362
560
645
761
343
480
105
818
67
991
2109
161
4
785
632
2321
89
128
1696
1311
668
1770
576
576
575
624
61
549
89
381
133
299
451
145
1312
346
27
83
448
113
360
128
833
1011
34
100
1523
461
563
141
215
151
89
1690
27
9
932
236
135
45
1805
308
430
57
94
114
543
1358
619
1540
350
587
186
81
233
1065
291
935
310
580
108
88
310
844
105
119
104
823
77
1383
549
1735
596
387
78
127
1348
401
57
157
725
382
667
311
211
84
15
123
132
144
216
2347
127
319
142
79
206
280
31
771
15
401
638
447
1014
543
82
239
785
193
653
117
99
406
213
431
271
575
140
147
971
1731
339
262
667
146
110
933
1329
382
71
122
1001
286
269
40
81
807
107
105
314
285
463
317
672
425
207
160
69
391
1482
345
119
1941
104
112
732
1284
164
390
21
33
857
89
1087
1437
163
133
761
142
274
1299
1338
781
192
248
1375
123
170
372
420
254
424
190
761
347
879
1176
1797
166
333
515
347
290
162
149
906
252
421
257
2142
229
214
228
315
101
109
899
37
130
176
394
659
262
393
486
29
100
171
87
77
586
75
408
607
518
124
12
158
528
36
426
472
251
63
130
156
161
8
433
171
443
87
1677
139
183
95
255
350
208
193
454
447
249
183
5
32
105
3
845
135
151
1176
267
1212
125
235
358
234
828
175
165
28
396
980
720
861
135
4808
82
725
621
1538
291
144
931
146
359
65
1713
66
347
149
330
72
655
174
112
1091
86
54
111
330
968
116
2157
804
500
1902
179
381
143
3237
2228
1625
161
596
306
75
171
18
508
89
330
574
370
772
215
516
264
145
128
39
265
96
107
938
347
774
1408
130
298
136
107
86
250
441
17
216
325
115
627
137
21
493
871
760
342
459
222
183
477
311
1627
981
960
181
427
431
611
829
220
201
404
12
888
748
122
631
26
553
1253
153
293
226
445
317
732
2142
184
97
142
372
94
15
100
143
98
345
657
240
190
354
35
283
216
1165
172
640
641
537
570
179
421
1425
276
482
1078
1970
14
7
1300
144
1069
1241
69
860
294
1130
1352
403
1420
220
332
1020
286
110
238
723
405
270
569
331
509
126
444
192
458
115
402
1153
162
605
120
24
179
214
586
408
201
335
2191
401
214
91
122
121
129
1239
1325
630
74
1378
297
152
441
159
112
143
529
2541
785
28
181
256
348
751
115
495
778
103
742
492
216
1013
84
548
2568
745
131
142
290
271
175
315
477
951
193
197
228
184
596
63
1341
139
256
179
206
281
104
114
254
886
590
214
200
695
93
99
104
148
35
1250
13
291
63
1327
129
205
372
1665
160
760
1436
107
701
116
40
139
119
174
161
471
312
2029
2003
31
109
1419
14
1140
66
108
168
794
2783
1030
182
450
237
136
878
184
197
433
133
1654
1334
178
252
148
177
41
60
1117
1203
483
166
564
425
222
335
209
323
242
1468
160
72
113
1257
234
127
1579
587
137
1024
1763
159
173
158
165
574
390
2222
721
590
1012
250
404
48
628
235
309
281
183
204
315
518
147
52
75
823
89
330
284
2129
2178
263
178
165
581
794
94
241
309
205
1560
124
539
406
495
230
328
156
589
621
204
213
194
182
1206
20
486
205
520
217
217
1648
1295
126
10
468
159
744
171
218
500
175
110
44
259
377
140
439
955
413
64
963
68
86
141
451
240
1495
468
1208
434
383
385
68
209
36
214
228
138
267
138
113
174
127
1060
84
815
181
2080
234
122
29
169
201
27
101
65
96
262
622
497
204
425
330
417
350
684
65
1374
329
31
2048
3473
844
19
80
360
158
129
125
77
649
921
1070
381
19
227
248
238
435
917
80
590
232
670
183
133
192
2049
100
98
552
149
162
247
500
42
1623
267
475
224
1957
233
1561
1132
541
112
752
224
30
152
1066
2266
1442
399
156
1790
2429
169
358
317
213
194
410
566
143
356
458
2378
336
1789
207
164
131
658
97
227
286
190
637
393
219
678
414
125
102
1019
587
1400
427
1096
509
238
413
560
614
481
341
183
361
224
166
886
6
145
460
186
216
177
288
300
543
434
507
595
152
684
156
396
228
300
400
101
419
24
482
800
207
289
169
714
353
173
11
429
608
180
370
631
588
8
621
39
134
121
209
1128
401
629
525
181
1345
405
149
281
80
2755
14
263
89
142
455
449
239
566
268
381
33
113
1800
156
1308
178
248
143
172
1864
39
472
239
312
9
433
0
343
207
205
612
2356
405
641
393
143
163
67
161
680
256
329
116
283
129
135
144
136
162
158
96
163
273
507
727
831
1617
145
291
334
1586
166
169
1521
188
470
111
159
129
934
273
153
11
775
26
392
31
357
478
1064
1203
190
719
623
1406
547
2045
123
9
154
989
216
1875
170
414
224
247
228
1951
75
191
80
1067
226
156
469
421
441
35
2134
628
271
97
88
193
122
1690
1867
96
551
109
109
606
19
241
178
931
483
285
814
329
1152
404
1235
230
491
95
383
312
67
1327
231
335
434
248
565
218
156
2988
129
272
83
487
144
773
215
218
866
219
131
1990
242
987
17
699
1092
41
453
3113
265
363
671
135
158
724
929
565
430
640
113
431
212
397
886
217
409
108
138
66
28
1339
206
217
1078
125
655
154
239
235
87
165
134
155
90
53
213
6
174
100
458
724
104
613
181
136
145
93
105
118
234
1116
85
132
715
3606
108
184
773
583
187
496
1703
24
842
642
117
382
47
605
193
77
550
199
1711
168
111
470
458
504
1304
185
973
162
258
186
388
118
352
348
120
937
344
104
15
707
202
1669
122
147
130
203
311
304
394
2003
119
293
431
103
19
115
648
294
498
157
163
819
144
496
142
1201
2718
332
346
251
769
984
975
212
675
48
131
