447
298
205
370
300
1106
91
134
40
253
53
79
5
705
292
72
1005
385
460
57
389
832
384
69
575
232
299
114
108
283
383
444
99
228
756
2332
270
990
128
448
90
96
365
7
43
631
29
351
1121
542
206
306
993
131
51
349
691
1405
87
211
634
104
61
391
156
121
500
304
351
162
159
219
118
150
101
108
53
159
102
212
512
235
97
236
49
1071
1872
458
72
83
15
781
1753
496
516
1192
114
164
402
1110
1604
332
678
69
283
730
115
530
591
512
144
1185
689
75
54
477
158
1484
83
188
1688
99
609
11
321
387
167
306
113
11
908
60
128
67
256
7
92
86
416
1036
374
117
61
60
59
9
84
291
624
201
103
175
92
1661
121
1130
98
304
138
381
8
97
390
888
210
930
21
468
315
97
454
78
84
202
698
487
264
201
210
87
65
123
259
1148
17
266
250
1407
10
246
910
406
642
276
1521
247
381
219
1947
1140
15
788
85
965
147
111
303
683
397
486
268
496
182
304
229
2227
494
201
348
94
43
379
111
1372
85
1620
306
508
1
220
151
245
893
94
201
801
541
342
109
943
138
360
233
154
17
1941
1076
354
56
254
834
492
76
231
86
248
280
1875
1059
114
38
107
130
46
431
61
861
147
84
541
120
431
123
1665
258
1940
281
134
179
269
723
313
359
82
55
66
180
225
322
363
764
160
662
958
2368
91
470
185
1639
729
120
498
475
153
124
73
119
278
1453
185
260
743
117
779
1093
1053
600
194
1675
240
197
121
2366
238
820
187
166
550
900
112
2932
92
1057
88
2045
80
61
265
299
12
63
1307
200
176
83
88
829
164
812
653
57
89
132
7
267
483
183
24
722
1417
128
111
12
40
580
88
82
212
262
329
75
278
231
79
407
1114
247
993
615
147
140
377
167
457
254
107
101
299
106
366
216
37
27
23
421
132
140
610
99
105
103
367
683
232
111
597
167
21
131
591
201
132
170
295
411
337
179
251
251
320
1029
379
1154
234
118
253
79
284
804
72
62
255
403
760
148
650
48
392
608
408
114
438
286
62
215
247
440
1143
116
885
708
113
345
108
147
804
61
83
3
25
345
311
479
2429
718
181
1432
17
159
339
176
89
647
289
1700
980
72
141
1665
42
203
116
700
1012
994
247
998
462
167
26
546
2034
241
298
1811
110
12
188
129
255
163
1514
284
313
141
305
11
40
72
165
640
196
106
595
70
130
42
158
311
64
938
2106
90
118
99
823
311
973
1089
260
49
169
28
189
88
122
286
731
140
387
61
462
150
256
376
1226
302
309
4601
87
36
118
431
297
271
86
432
155
58
98
477
23
246
25
400
2944
47
392
280
1960
419
938
312
479
87
1466
96
128
105
261
266
45
332
1246
445
29
101
398
204
1882
87
1823
267
311
982
2067
130
156
214
2060
107
700
53
72
94
38
238
67
170
464
66
119
829
1213
146
762
1381
527
313
1143
3077
1254
190
492
251
541
309
266
775
66
223
23
105
417
663
1122
60
47
377
301
60
44
88
127
174
94
608
2079
62
2422
293
1536
5
533
1007
845
89
6
556
106
99
367
386
264
206
414
173
58
338
1321
117
272
59
58
217
1112
825
96
541
643
201
146
94
298
483
65
2030
870
1106
132
19
51
80
431
977
408
333
70
530
539
70
280
230
69
581
341
797
59
307
182
237
519
31
1056
1142
58
215
26
101
137
352
114
500
478
693
621
965
67
332
814
182
145
2933
4
1062
668
5
1065
107
88
311
67
148
1140
78
729
224
388
957
447
115
273
119
70
665
786
2441
78
130
146
281
168
1043
152
368
978
290
94
277
547
108
61
178
180
1885
352
333
86
165
16
413
51
703
324
802
174
431
121
131
489
825
375
560
1148
96
1377
197
22
207
144
266
1116
713
137
116
101
261
100
301
385
784
274
764
90
200
764
479
1824
425
71
862
113
79
317
4742
507
326
232
85
400
2703
162
454
65
124
69
1178
2731
682
247
1593
369
1016
148
63
208
227
56
517
544
301
493
378
135
118
138
1380
90
700
59
96
73
124
433
304
115
61
198
722
155
1129
658
498
99
448
1576
37
73
240
526
423
284
179
61
1329
178
99
315
96
885
134
83
831
155
369
46
66
389
275
211
1310
267
129
45
30
1595
11
217
1504
435
310
86
229
127
662
1182
195
290
3064
704
371
363
547
78
100
1079
86
714
308
538
43
299
338
291
162
86
475
550
320
17
510
274
29
1041
1015
359
1404
73
48
602
18
136
178
222
309
35
579
103
501
118
25
129
495
63
119
67
937
505
338
102
27
96
159
848
352
1367
109
62
46
125
85
412
252
338
234
635
707
398
145
404
1971
47
873
193
25
100
16
422
143
246
74
978
351
2038
25
77
20
126
350
3014
614
151
1476
510
55
293
355
129
460
584
360
12
949
102
221
407
1333
411
44
452
59
89
129
686
636
128
198
1007
158
576
480
104
208
1269
298
132
118
1808
247
217
295
541
555
346
9
193
82
326
375
95
1305
145
193
302
167
50
1241
422
74
77
413
2493
189
354
232
67
78
71
100
164
217
328
271
289
168
177
203
74
251
47
160
39
145
45
136
374
817
213
146
413
484
437
4
77
3
395
241
528
833
87
343
480
879
166
200
88
418
78
307
81
450
445
193
100
401
146
505
8
124
489
361
919
89
1624
1106
259
824
4776
155
73
215
950
5
465
549
157
490
310
149
482
493
1500
434
461
278
65
49
184
219
53
248
190
462
279
1498
503
942
125
68
649
119
185
77
552
355
110
1046
2059
142
101
105
90
14
241
439
1554
180
239
144
148
454
495
72
304
319
79
129
281
117
1187
1275
191
123
12
48
44
982
545
301
288
598
940
118
219
3
228
666
125
453
71
119
145
372
521
440
346
100
644
115
131
164
917
428
228
773
627
397
549
375
1215
130
39
126
276
217
397
888
1501
168
551
167
459
890
95
1014
243
105
612
497
105
117
1501
952
97
17
97
979
263
32
100
178
1188
89
71
508
208
427
578
591
310
136
310
285
243
425
74
253
51
159
258
1868
109
886
1048
349
808
278
402
8
609
386
1479
1713
486
336
69
973
82
360
1187
105
386
1411
70
197
642
166
765
45
60
331
205
557
278
695
161
63
2167
344
95
15
136
461
229
368
22
59
160
105
727
102
170
15
78
107
3456
250
892
119
637
702
139
543
474
287
195
717
987
149
413
529
125
201
667
171
168
212
765
727
22
83
44
39
144
438
536
1778
47
164
338
230
368
1223
584
80
202
106
1481
41
277
299
541
274
285
9
1605
133
104
4
90
33
554
199
475
1184
565
116
1086
239
18
117
275
143
1121
238
382
440
1043
911
69
564
89
338
18
315
85
413
444
560
94
555
459
441
359
143
830
112
117
59
273
87
119
220
1272
93
31
31
230
699
87
114
400
93
816
539
211
109
515
260
94
668
8
168
302
489
837
1208
1098
423
124
401
334
376
534
230
324
483
1147
384
244
338
327
122
1609
160
120
123
410
312
412
78
83
205
86
1086
136
167
311
50
129
230
1091
677
117
6
278
485
1024
68
583
361
96
2162
61
161
452
110
108
780
1627
183
457
415
50
279
183
119
136
224
122
92
423
702
345
317
87
377
305
2942
337
207
1604
36
83
50
229
83
1110
282
462
346
156
69
274
330
107
334
83
724
76
90
133
236
932
958
714
363
416
149
65
658
92
23
214
168
745
289
680
65
53
714
298
192
773
201
89
178
1032
104
122
61
456
406
489
28
2264
960
195
98
252
428
133
213
833
105
76
62
303
115
416
106
548
89
149
1325
79
261
485
1348
178
199
296
84
255
309
157
1632
80
374
218
69
554
525
27
59
87
248
156
317
24
1102
483
125
23
14
246
99
44
11
381
59
898
40
558
1911
63
634
107
93
89
19
237
1069
225
357
295
290
143
1064
209
155
336
58
758
308
309
115
46
437
162
369
323
88
251
986
76
214
1540
937
539
722
233
12
73
299
1044
776
436
200
112
92
108
281
848
95
128
438
45
176
2293
516
280
77
482
367
658
134
94
85
50
276
1224
844
216
49
165
42
671
110
432
322
404
439
224
346
122
1466
119
1029
1029
20
132
427
933
1341
310
77
484
846
710
259
140
123
104
2001
112
130
123
729
413
1519
1714
334
1172
401
538
298
429
342
107
149
526
315
631
75
62
862
1936
143
290
1649
118
1386
66
416
501
842
340
199
414
340
262
202
209
138
353
170
2295
273
99
99
150
1142
201
493
321
134
47
67
228
280
72
248
202
1027
3072
31
151
280
156
1589
965
1126
272
84
1869
758
956
369
365
177
209
80
411
103
441
100
2095
140
1309
149
775
893
54
769
16
164
115
386
461
114
403
278
428
715
117
117
1082
1482
150
81
61
604
1473
226
663
379
86
66
310
14
84
1481
323
68
63
1643
288
138
66
252
629
275
142
871
927
46
106
233
68
244
156
494
979
168
1348
16
102
64
112
64
63
51
294
2089
259
128
77
28
262
364
115
1383
628
476
175
305
260
1897
225
57
191
48
68
127
1803
501
252
147
372
58
11
261
233
67
266
459
569
344
51
1219
56
618
163
244
874
908
500
440
344
112
37
89
486
74
278
346
186
23
322
154
728
388
61
279
95
111
642
785
97
388
356
1459
72
74
249
40
445
166
679
193
82
612
430
127
369
261
113
240
188
187
119
702
1435
734
216
216
123
575
90
179
147
787
342
525
465
110
255
130
72
93
475
398
779
291
121
63
359
892
143
83
3229
636
664
314
151
392
69
64
172
85
2630
130
935
2787
268
107
538
168
828
395
1744
267
887
332
732
248
369
136
72
321
145
432
346
45
67
263
751
291
402
75
72
508
2025
110
77
9
1396
148
76
307
819
1370
217
250
214
277
523
387
247
154
381
121
55
252
178
155
43
255
367
445
1599
153
789
44
150
710
543
633
634
156
679
650
80
325
141
906
162
96
1222
699
185
581
252
780
537
288
1392
170
391
191
449
315
39
305
4
169
111
118
9
545
475
1108
452
120
316
149
72
723
424
45
181
607
343
26
170
383
113
633
62
167
185
863
148
146
705
1130
1970
85
127
48
2636
212
2181
542
120
168
328
130
473
471
1193
108
644
10
450
62
66
314
96
149
1955
210
288
420
904
239
1413
918
347
145
87
188
1198
311
242
51
768
72
84
2082
129
261
102
390
71
126
525
154
88
115
48
261
92
444
331
264
515
222
1295
3570
1222
69
77
298
190
455
69
100
156
370
430
136
160
34
178
362
908
270
71
296
173
262
786
2606
98
358
203
139
184
50
1626
83
4
327
120
342
242
584
54
557
1295
633
314
402
293
1683
247
374
88
318
2327
281
261
202
178
276
70
247
280
397
3993
64
659
214
443
89
1348
626
625
91
51
283
881
1524
120
119
995
113
326
273
3424
658
87
291
296
404
12
85
424
998
617
92
205
229
296
135
1450
77
119
154
1374
192
85
521
1228
446
736
91
40
597
715
70
802
1295
23
65
61
388
117
2736
435
1609
73
77
848
803
723
102
64
232
186
105
303
745
58
303
163
554
21
126
110
141
57
181
449
953
93
113
42
70
240
242
321
39
249
719
297
1225
100
586
356
65
165
221
372
236
354
102
359
717
160
106
396
406
77
96
482
46
96
93
56
140
408
279
164
644
134
576
105
77
71
1733
645
222
74
226
87
281
335
59
361
83
114
316
287
48
130
77
296
262
709
2015
95
274
63
100
259
105
214
1102
293
938
13
101
96
608
135
181
227
2026
267
145
908
315
559
84
283
71
593
964
2906
861
110
159
705
234
495
139
1493
288
1122
79
534
240
904
48
856
553
78
33
290
1379
971
309
403
1237
340
642
75
321
335
129
61
84
87
321
63
100
138
281
117
469
267
564
127
188
1464
98
5
207
307
185
174
276
48
330
169
483
101
211
320
425
194
39
958
136
139
555
16
361
60
258
123
160
119
26
2332
199
197
888
440
437
16
401
253
1120
89
40
306
240
201
43
11
167
1445
171
207
372
259
633
276
280
313
150
165
276
461
715
15
1763
301
570
281
465
250
249
715
102
1106
380
207
532
6
452
62
68
1118
249
9
192
158
102
251
555
359
1185
293
255
71
580
95
1185
845
1236
596
798
162
123
101
518
126
380
174
813
1189
143
543
1487
617
195
1748
519
105
711
145
1323
78
68
72
68
398
314
12
58
120
185
862
235
359
76
114
30
459
116
268
88
259
305
11
541
101
318
165
115
263
23
371
308
371
184
70
127
61
465
142
137
351
490
451
357
2419
582
1045
2119
465
511
528
54
68
22
32
204
122
38
290
2922
269
463
252
217
306
378
187
68
216
335
2094
189
1098
481
1301
95
286
32
129
1251
319
418
2
610
44
137
258
274
40
68
935
79
70
127
698
182
459
403
103
116
371
67
236
20
214
102
252
98
289
428
21
31
336
76
89
89
226
352
798
76
653
1512
437
471
116
69
192
123
89
240
1456
395
129
676
648
146
1687
994
112
376
65
39
198
1260
72
1038
329
357
123
73
393
395
739
96
172
99
102
223
40
212
124
1195
82
137
175
171
267
1681
327
419
1018
471
622
253
111
54
146
84
420
305
246
1192
363
333
269
126
354
134
1442
1577
1402
92
830
732
63
80
29
287
1325
162
121
180
108
542
145
153
37
192
447
104
232
188
315
482
140
853
142
600
282
171
1727
9
60
87
43
196
108
141
87
565
123
128
230
599
1
359
792
411
162
24
18
1826
83
219
72
679
298
114
97
5
166
2737
138
143
291
5
22
85
54
344
2048
43
435
44
113
39
401
297
149
3
820
236
557
37
139
50
86
225
275
612
107
216
47
315
90
1180
2570
212
80
163
123
243
318
92
1310
168
245
43
55
248
1178
198
2061
89
50
600
801
469
108
454
275
107
130
2246
130
3065
1162
310
474
1771
212
1067
303
257
161
436
539
410
48
146
12
1450
735
730
97
1034
76
924
118
50
44
248
429
134
113
629
696
328
403
498
214
47
229
344
738
506
123
175
930
78
441
105
407
143
1703
326
389
586
303
134
68
202
1263
245
409
85
1032
100
203
810
77
436
1669
110
86
657
70
210
682
277
112
337
88
131
59
1064
248
284
539
293
76
159
982
118
370
176
115
132
549
1893
194
95
562
78
157
512
384
17
892
1102
653
511
424
245
100
382
355
1030
109
288
1793
88
8
507
1092
40
350
519
735
232
1794
356
245
132
320
1652
794
128
159
187
555
300
71
91
944
251
114
154
128
57
78
979
412
80
117
397
126
148
628
260
764
1525
613
281
697
649
304
885
99
163
413
1274
71
2021
322
278
127
1291
169
392
530
148
72
37
242
2246
28
119
1659
197
193
169
108
81
104
56
1070
648
1301
91
180
254
1308
273
868
121
500
49
7
812
380
328
316
109
392
466
37
168
174
609
203
93
526
178
63
368
912
52
151
176
472
18
1647
341
140
458
103
277
124
162
407
752
7
103
1308
746
186
397
89
487
304
473
77
61
209
764
351
48
109
313
103
135
100
158
13
502
116
1074
293
517
262
103
135
69
123
213
178
1087
555
82
697
628
247
102
2286
240
14
174
740
94
130
2051
715
91
370
367
116
274
390
257
1284
114
131
121
86
61
112
491
481
496
373
234
49
189
152
498
64
494
287
335
77
16
87
823
256
856
124
428
434
436
302
316
104
59
150
97
245
417
78
66
84
56
29
370
120
703
663
119
74
91
1198
1610
335
414
1212
1474
433
210
184
1012
1513
143
69
195
372
64
626
123
17
1299
259
349
271
82
108
322
2108
193
453
2423
543
62
2420
320
69
59
272
157
281
106
111
222
533
74
2307
127
400
18
57
407
94
143
272
284
305
377
51
220
89
106
286
251
198
166
671
224
75
198
96
1042
722
488
1185
525
96
75
1147
525
381
611
346
78
56
864
186
116
131
113
91
893
714
112
179
331
2194
192
364
356
15
36
1263
769
324
1227
32
243
207
634
99
553
642
91
225
295
116
631
1018
270
576
80
22
86
728
422
116
261
448
221
68
191
473
2909
491
709
597
243
1193
347
181
936
499
117
214
314
213
864
152
617
495
51
61
139
35
1013
47
68
1092
205
52
154
70
736
155
715
97
57
452
135
1054
70
160
264
64
78
179
655
134
200
91
214
70
7
83
243
1756
84
106
73
669
161
990
334
957
1361
1193
682
100
162
2
56
745
156
289
134
961
1388
3377
167
177
1049
211
158
66
137
90
469
447
492
74
207
764
328
356
26
721
118
305
181
919
180
88
226
209
423
147
1852
107
56
46
124
69
730
784
83
209
67
173
341
13
105
1541
20
136
619
434
527
65
365
352
123
2347
223
83
288
443
108
1383
346
117
281
133
157
310
73
107
136
133
234
517
52
203
46
342
718
1233
103
130
157
139
162
3003
532
454
165
152
241
58
121
939
224
16
4
1230
259
245
279
81
3
515
314
291
144
34
76
683
819
135
295
293
444
182
420
416
624
480
1355
74
139
101
822
118
863
36
325
321
298
181
276
104
100
243
107
46
187
89
140
273
461
138
105
116
704
103
464
92
257
475
61
105
3187
43
593
1308
126
363
67
2047
554
298
348
13
281
356
572
237
177
290
6
532
370
398
120
224
126
154
18
1072
194
342
17
91
122
689
45
605
338
336
328
388
1054
826
137
801
979
811
2027
762
81
267
60
219
124
757
85
85
235
286
8
403
514
134
834
62
349
272
153
107
289
1292
276
845
87
66
291
547
350
2589
426
80
133
239
36
304
184
302
1069
103
1788
266
1350
198
858
180
20
108
458
169
521
301
101
81
155
129
242
149
90
154
317
155
102
61
248
526
647
203
356
77
553
3015
287
208
259
117
291
62
329
519
181
918
195
266
1293
90
1605
37
107
18
379
112
807
398
20
0
232
44
286
44
1229
473
120
171
93
163
309
263
74
112
822
356
41
239
57
80
238
100
112
176
64
286
1299
284
316
516
62
326
682
230
414
442
139
349
283
97
127
1772
410
62
3415
154
213
230
578
96
420
61
132
162
943
67
263
14
201
120
397
129
12
326
473
784
805
316
164
1147
849
125
131
101
283
443
998
1206
313
104
282
13
61
397
285
12
323
110
1497
321
678
46
73
175
504
1162
81
1215
34
698
11
437
87
57
417
600
262
74
1607
343
303
264
176
560
474
922
50
116
180
121
702
72
149
416
484
379
1061
737
241
185
1714
279
306
119
49
324
345
199
190
311
325
825
116
120
99
124
101
96
71
48
565
329
111
823
163
1239
68
107
611
2
115
127
163
483
413
27
86
44
116
66
13
37
103
67
259
7
110
1430
278
212
103
31
78
104
471
326
106
55
86
231
236
585
153
824
165
48
501
162
300
99
12
906
660
246
36
1178
274
62
521
169
1719
190
894
160
496
192
1228
199
1025
60
1120
38
294
286
238
221
645
201
202
320
51
143
1064
419
1364
533
91
327
72
12
165
89
324
364
87
901
1352
636
1088
249
166
29
415
681
157
117
266
248
147
385
975
101
726
63
538
20
208
467
261
8
166
214
121
116
541
117
276
331
51
85
93
1298
429
336
972
84
288
144
319
286
489
75
92
931
1232
124
61
865
78
28
124
8
48
91
71
160
263
494
422
194
162
151
555
74
85
111
2669
285
911
2270
479
1670
68
130
944
72
511
218
252
19
693
102
207
301
1995
1192
69
117
605
67
306
534
26
255
351
118
466
360
11
451
371
766
2702
810
38
1369
29
950
207
12
1058
1065
11
767
500
81
951
103
14
6
534
330
681
380
228
1132
1099
453
131
123
338
52
185
513
285
40
268
65
253
222
492
180
104
1694
214
705
214
497
296
214
292
175
99
314
37
662
2288
747
1631
253
298
359
217
203
118
149
353
159
645
517
153
162
296
1601
212
289
218
1198
244
518
288
1004
287
195
373
284
39
151
98
710
289
120
906
315
89
185
438
124
705
821
63
111
725
145
223
155
264
11
62
365
164
100
1289
145
305
1535
419
212
71
109
308
9
436
126
116
550
50
66
378
18
49
272
612
71
738
21
313
89
82
510
1020
1504
18
756
37
318
49
240
34
200
250
356
435
121
74
402
723
104
754
14
102
326
132
2855
310
241
92
236
306
514
1159
441
294
242
414
453
103
105
175
68
145
613
292
106
204
107
47
344
174
574
164
1279
119
273
375
663
142
73
217
441
46
128
1424
120
24
128
72
79
148
151
1243
766
311
177
167
186
143
94
341
709
235
611
308
59
84
1131
243
96
9
242
1956
115
723
1490
103
184
428
185
252
328
875
189
383
49
33
679
886
813
293
8
244
290
159
187
156
123
568
818
102
830
587
67
283
107
486
328
238
139
641
48
346
146
320
210
24
814
68
60
288
519
1020
269
74
486
76
1054
140
151
1014
116
410
422
521
102
83
803
83
531
678
17
493
775
2276
340
294
143
129
754
143
756
86
685
701
310
348
471
87
3634
445
10
99
13
308
717
607
491
55
201
253
1715
60
2175
128
83
270
1742
218
164
2722
131
272
546
56
200
123
257
81
1128
115
122
398
1482
327
1736
108
414
432
142
10
93
1393
1530
758
337
210
475
320
1660
351
98
2661
82
797
64
8
109
630
124
449
13
312
227
110
541
461
191
2050
98
211
214
19
104
902
155
650
281
73
331
271
70
234
303
104
2160
1594
1359
256
91
112
348
478
471
529
106
458
117
98
211
126
852
188
115
267
1963
117
361
172
636
1505
297
293
194
286
291
128
608
3
1433
248
161
485
310
257
58
250
1590
857
399
58
85
518
60
66
142
65
676
413
279
609
6
156
166
3639
354
419
229
135
32
67
1020
935
709
173
177
175
1937
107
188
522
1002
172
161
509
277
432
330
88
112
186
131
24
44
114
43
397
670
508
94
814
307
672
283
230
176
160
249
108
761
783
242
156
49
771
322
96
542
371
31
73
1492
117
214
90
255
111
112
2544
1298
439
1010
846
496
75
219
92
71
570
64
681
119
1097
210
353
28
579
26
213
1051
486
107
243
255
421
91
837
165
276
110
292
13
261
99
1079
841
317
120
64
159
344
322
542
224
157
230
117
477
78
448
1027
69
90
392
59
408
108
266
77
867
560
1625
508
146
358
589
413
81
1639
265
235
11
37
265
252
27
894
182
304
381
216
559
180
19
422
173
2103
56
1039
304
252
1448
1046
377
545
1089
133
87
414
155
65
1243
1825
289
27
76
1366
1031
259
305
19
246
217
79
50
76
83
280
86
176
2058
124
168
155
584
87
993
45
225
191
164
1086
70
1825
112
504
50
146
77
59
1208
1210
313
260
499
132
383
287
121
134
79
197
69
205
113
250
84
1566
257
130
479
141
221
403
404
411
450
43
671
809
96
1827
1447
84
1108
396
183
205
625
133
95
401
250
525
81
161
634
1205
149
311
354
790
371
564
489
48
306
143
96
143
382
282
390
26
64
106
904
707
81
1130
904
1138
61
544
223
265
185
343
276
350
3
51
126
943
437
3769
315
938
112
677
4
14
80
211
135
112
947
186
474
234
95
428
104
87
90
1017
674
153
70
95
712
225
49
230
476
1446
344
77
86
1439
222
55
4978
142
488
187
1084
1028
53
1498
266
331
290
1898
144
296
340
164
54
80
558
1605
75
303
792
310
551
1006
906
700
196
350
18
278
430
406
425
214
224
937
286
61
300
97
1870
766
392
227
173
687
589
226
79
186
104
314
125
149
2241
221
78
288
379
121
346
120
500
310
333
1437
160
1431
2195
241
69
103
1725
85
27
138
330
80
1047
118
258
77
69
1234
644
347
155
339
1245
316
507
123
270
313
284
421
908
137
190
178
268
140
709
305
73
249
126
47
101
1109
173
144
18
277
265
1048
99
68
397
66
117
432
905
142
593
1364
359
86
567
113
73
114
2638
169
153
421
641
314
108
13
139
265
382
81
254
60
381
431
82
1855
218
129
549
14
109
792
146
197
1062
148
13
142
909
145
1140
99
1010
52
184
3150
156
258
240
16
1564
11
214
101
153
720
57
64
414
164
722
375
508
1235
935
304
147
289
118
419
141
67
45
2481
51
126
896
2155
130
17
174
1059
388
102
495
1838
285
963
865
7
459
350
250
272
54
2370
168
176
251
1262
229
163
42
186
796
1681
124
73
8
107
514
204
90
492
185
588
329
91
128
108
1270
446
871
1262
55
22
302
115
1745
358
160
764
115
205
986
209
424
432
106
586
42
265
1029
90
373
135
325
557
223
596
89
698
78
483
471
1125
101
264
135
595
247
607
158
89
761
885
862
569
33
736
445
301
1121
59
18
429
162
118
21
9
162
620
297
91
256
73
28
4
106
90
182
426
161
697
139
111
365
100
339
436
1194
1450
610
139
158
379
2040
382
147
351
70
147
251
164
333
476
143
350
954
197
521
49
81
84
711
120
845
374
339
421
68
191
1084
561
548
147
59
300
70
357
407
509
292
346
43
18
159
40
680
434
517
1235
476
467
162
51
144
301
225
49
71
1104
1592
11
155
926
415
1006
1293
343
311
232
332
848
712
1046
276
303
145
603
221
1993
2175
339
915
325
655
768
658
862
102
415
430
226
134
1475
138
739
352
53
335
380
334
50
405
434
210
1660
681
132
90
210
23
67
325
609
413
156
248
88
444
47
740
658
193
56
291
419
378
93
802
437
135
73
25
93
488
804
331
86
881
24
3054
113
191
121
149
121
146
112
688
1170
58
331
641
317
112
298
479
148
1041
416
150
265
65
110
165
89
93
410
73
78
275
1041
38
324
557
47
48
1608
250
1343
74
680
192
481
95
29
983
574
837
306
284
103
1829
861
141
212
48
681
546
251
63
196
408
85
188
517
338
41
61
115
164
165
141
22
157
104
44
61
76
225
408
298
407
277
143
1327
153
13
1040
115
655
563
1893
523
1078
367
1484
89
250
686
295
96
82
145
2039
107
474
64
447
336
129
641
153
368
638
136
102
158
1352
10
313
293
427
107
23
551
196
718
523
558
226
32
253
362
192
615
163
22
281
69
339
88
46
593
545
221
6
264
1205
402
79
150
75
66
10
460
152
949
15
488
473
55
68
97
501
62
1151
157
821
515
135
102
1500
40
72
186
977
345
262
902
359
1330
167
1921
69
7
622
310
261
375
128
467
30
1629
355
14
1368
44
198
84
174
17
74
1257
140
227
114
116
85
2270
1199
402
225
75
82
85
374
949
522
140
135
626
157
328
355
283
224
239
164
157
655
163
469
628
260
80
198
441
59
560
2920
429
270
1069
206
1056
93
272
343
129
504
485
1059
440
36
18
159
1573
589
112
150
71
182
147
73
98
383
1022
595
527
575
314
79
16
14
195
557
19
112
109
136
1645
336
245
130
65
483
705
235
1045
22
76
533
20
723
60
72
127
289
663
344
196
184
125
353
243
498
234
288
285
125
14
1173
1150
123
132
218
13
229
381
345
374
418
60
542
75
2006
144
617
1254
768
199
172
230
300
616
241
413
154
153
104
177
337
1093
332
76
198
2071
203
93
106
1562
50
79
87
230
488
203
463
70
10
304
1463
171
364
65
978
308
109
739
372
853
2184
189
42
192
7
110
156
1027
235
226
480
123
13
133
119
416
691
102
52
444
290
749
160
426
592
70
76
312
1714
268
205
315
187
1500
47
87
520
179
16
255
46
245
89
117
867
506
211
222
145
1071
207
122
118
216
1549
188
156
406
114
115
116
320
699
1898
189
404
92
10
216
354
73
140
1099
270
1641
335
408
490
445
13
323
594
830
538
101
336
55
435
77
86
167
963
58
93
212
421
193
1529
264
145
364
91
93
275
615
458
10
393
156
1581
294
700
1069
3128
179
69
105
209
281
111
48
120
96
359
71
132
495
273
395
949
336
67
1096
39
591
303
64
1391
238
91
791
132
322
60
326
542
217
362
151
328
1178
93
54
247
70
201
940
1071
135
453
56
1006
413
12
613
1733
570
141
304
279
360
102
219
408
38
128
676
106
257
351
856
126
3931
580
81
150
545
682
96
399
485
338
785
150
1533
476
88
396
130
256
142
1180
365
1293
592
687
365
516
98
264
800
292
475
225
362
94
188
154
287
158
81
133
1152
190
61
647
285
501
97
575
1261
167
78
1680
17
235
301
124
206
2492
138
196
2000
1735
2969
604
91
251
291
109
329
47
213
915
101
268
590
114
348
195
103
453
34
108
120
630
347
1032
64
66
470
259
407
71
2181
835
220
382
195
424
17
108
574
149
421
1198
1043
384
1439
1029
8
158
235
80
1001
2643
287
170
71
308
470
3163
1355
178
328
274
3103
700
73
1271
32
157
174
853
198
150
352
547
111
1227
1045
293
148
267
1151
291
7
50
81
175
210
151
443
723
2311
134
122
148
1106
2114
379
199
643
1102
110
103
875
333
2073
63
95
138
714
121
224
220
95
189
213
107
215
390
887
4
94
81
424
345
192
115
38
843
250
127
1523
384
260
625
71
198
491
192
1896
211
1407
65
78
1290
67
239
822
142
902
333
949
37
108
140
983
983
74
437
2812
573
112
456
100
665
845
90
864
76
843
935
312
357
11
239
91
162
1107
1155
811
408
213
319
113
453
278
41
720
407
455
326
1050
9
233
19
456
306
271
10
540
63
249
189
83
157
8
236
67
222
916
1062
70
682
215
2849
1355
101
1109
127
275
110
385
389
303
313
67
973
1077
144
218
14
542
315
110
363
669
1144
525
56
119
209
92
916
233
2019
145
128
348
330
471
413
360
143
219
645
63
467
1091
178
1142
92
388
856
549
74
417
57
550
538
545
692
8
92
257
142
1052
555
403
1628
154
155
37
341
50
37
347
198
118
186
917
301
1366
201
486
3254
380
330
118
798
158
353
995
320
119
577
113
87
45
305
86
110
1891
70
46
79
312
124
81
1352
86
211
538
1688
186
134
47
13
170
1315
394
119
169
551
1425
66
786
431
937
1018
291
1213
186
704
207
28
321
1782
846
16
187
143
830
54
116
20
258
168
67
151
240
277
491
397
23
1561
227
767
75
719
517
173
116
498
88
223
231
97
127
93
164
472
367
99
522
89
1550
961
137
103
142
64
234
453
71
616
275
84
826
252
395
181
1293
1164
986
490
373
152
1217
186
693
370
786
586
400
946
916
120
1135
160
467
134
70
142
1400
45
169
685
396
227
41
347
455
249
117
1913
50
2452
116
220
102
238
74
124
285
1343
68
176
220
124
139
79
79
68
63
224
318
42
99
523
217
244
18
253
636
416
87
867
73
671
290
141
259
154
337
56
183
168
115
57
537
1021
123
13
697
58
285
149
96
530
74
274
366
113
293
34
217
239
69
197
252
283
82
2366
147
439
436
699
92
76
114
250
597
311
157
52
695
152
303
68
467
446
1409
478
262
136
128
170
86
434
103
58
336
108
173
277
354
242
829
88
367
81
636
463
1446
374
431
65
1649
379
992
332
185
65
128
1340
322
219
79
879
625
229
956
99
494
442
98
102
804
66
103
136
2931
1305
103
332
214
418
77
695
34
90
266
1301
573
201
991
79
109
101
250
138
672
154
349
968
704
165
97
521
133
109
144
585
814
211
251
293
212
78
570
523
156
95
383
534
118
70
2530
359
248
396
218
122
8
222
496
356
315
1814
110
788
36
181
976
81
293
73
156
208
140
111
1671
14
14
195
784
607
411
169
130
282
127
1033
156
663
47
183
760
456
902
472
331
2040
88
99
650
523
515
118
265
502
58
1259
121
23
141
159
31
248
915
71
135
66
29
1540
269
415
361
106
301
265
781
280
260
108
172
77
141
628
3435
505
875
100
227
346
769
485
191
187
94
275
345
145
168
1078
71
115
1906
4
54
1002
411
206
293
441
265
779
245
269
58
75
2334
127
82
117
59
477
1180
49
296
1261
85
217
146
192
144
10
69
12
924
418
859
133
134
732
953
91
88
211
332
72
837
530
2902
824
104
141
31
784
438
542
1190
76
275
921
406
99
102
102
454
239
1506
906
141
764
146
57
241
5
191
114
737
26
1540
14
72
464
417
90
617
643
97
133
1768
57
463
86
120
212
246
298
135
122
114
1194
2834
206
88
708
55
318
63
163
60
78
1224
238
227
1124
82
721
190
334
274
1638
304
293
79
126
96
333
345
1402
108
152
168
261
210
115
31
81
411
427
123
287
58
168
480
1520
184
477
95
267
82
294
78
294
775
617
249
548
305
301
13
133
315
155
82
6
108
501
269
105
356
1149
429
113
39
154
234
388
167
905
200
2338
5
65
381
1033
4
651
665
136
87
115
121
284
318
99
92
622
49
133
447
444
1053
302
274
82
137
911
1681
1128
121
74
160
194
245
1379
286
99
129
129
895
145
285
432
3852
706
1067
1622
76
218
484
142
2613
259
459
470
38
1799
293
223
20
99
50
303
87
98
269
558
413
322
50
488
38
101
72
253
148
70
180
349
1285
1296
276
25
207
331
808
480
486
442
88
115
13
470
273
133
108
309
86
50
470
467
51
408
534
7
197
689
93
541
115
88
101
79
181
318
90
313
708
163
371
820
400
52
66
399
59
52
494
257
170
624
742
105
148
4
488
92
130
1918
351
746
16
28
309
193
1749
541
613
427
439
3209
916
748
77
127
202
72
32
998
938
51
5
242
582
689
291
257
184
14
32
166
69
343
190
348
182
218
347
52
94
795
1247
123
104
128
372
67
387
98
72
305
118
224
120
706
266
37
171
216
176
377
64
715
122
435
541
464
659
574
46
296
176
233
91
503
351
200
100
155
215
223
433
469
203
1182
689
1613
202
243
109
88
8
429
160
242
2106
384
1047
1112
314
90
164
756
268
395
87
442
262
651
181
1052
928
1518
214
54
1182
336
229
781
820
593
567
204
242
300
412
75
98
87
32
215
732
478
143
273
52
349
17
464
301
1502
261
193
69
48
354
333
10
316
234
183
256
86
1063
95
7
315
206
324
425
180
81
340
1850
50
4188
3165
92
222
107
220
325
415
1417
68
20
324
110
87
726
280
223
379
245
553
570
263
67
54
74
260
282
520
288
94
353
274
358
99
113
833
40
521
358
168
40
739
242
2208
301
441
422
1829
244
121
149
306
15
197
406
1567
86
145
412
278
324
233
336
116
93
319
63
1736
447
268
60
262
149
305
73
461
53
1086
685
94
123
79
115
610
2453
440
660
129
815
223
615
261
58
256
644
179
153
75
91
3127
679
82
538
57
300
201
382
166
319
447
368
64
72
1883
155
57
44
264
143
490
151
786
18
20
180
365
91
385
171
91
61
427
144
159
88
432
345
741
82
127
528
115
205
82
47
634
84
335
797
74
2140
282
500
90
1229
413
1931
356
349
620
61
122
124
368
1450
648
104
247
433
480
1069
495
358
104
120
667
369
154
81
430
86
689
10
45
828
103
53
52
121
144
98
1
418
432
587
156
11
299
796
144
156
1782
128
768
439
103
162
90
360
279
62
91
229
206
299
230
260
439
526
573
690
7
70
139
1302
495
179
79
112
230
504
218
60
55
309
388
178
348
661
105
817
636
172
638
396
214
1429
153
476
3766
38
639
125
864
85
14
222
174
437
50
289
12
431
535
134
1986
61
21
80
1113
352
116
177
1043
89
209
226
265
760
48
188
117
253
513
61
230
432
383
78
1556
411
208
132
214
88
263
310
65
1822
259
273
169
50
9
839
233
18
122
626
116
274
252
318
53
144
986
366
130
507
165
77
848
207
61
11
446
569
101
35
323
51
702
133
388
446
955
289
132
1733
119
132
357
472
317
654
190
338
172
755
72
354
88
437
394
214
517
134
700
821
102
63
310
46
253
213
71
330
208
426
216
97
306
586
175
115
209
189
401
375
1217
124
476
482
76
249
204
249
926
1264
203
272
84
629
352
86
1351
554
292
504
619
765
42
94
756
142
39
109
81
205
300
338
49
331
285
74
1552
905
83
405
883
146
279
425
123
1230
119
481
211
319
854
119
670
102
201
446
566
218
134
234
233
629
29
441
1691
1046
46
86
381
710
64
126
918
947
19
165
103
70
232
2211
131
79
124
8
163
761
153
538
121
838
842
300
155
130
763
609
227
719
120
1112
816
117
326
90
552
181
127
90
122
696
564
119
68
117
194
77
1153
103
36
196
49
954
979
495
461
108
254
1070
63
514
25
140
26
241
1087
99
70
39
203
137
324
62
135
153
117
34
1151
1642
640
575
258
10
132
104
108
277
217
112
177
23
342
1606
28
12
316
135
41
21
260
430
1027
95
784
524
12
255
90
163
89
487
101
472
1257
1171
1293
640
379
231
63
1087
1431
1196
83
99
273
151
427
477
169
103
1348
612
42
87
4976
515
124
90
299
1488
598
351
201
18
84
75
68
182
696
240
385
875
53
169
139
108
311
80
68
1317
79
319
413
651
42
1723
128
465
838
155
892
934
28
186
190
64
141
241
225
120
196
362
296
119
457
98
90
11
2
1015
18
828
398
99
132
167
249
59
1033
460
400
2078
237
266
190
209
3107
862
243
1402
621
2042
146
1801
34
69
80
852
159
1299
3954
85
514
281
666
2062
341
518
18
316
355
164
974
167
740
169
62
322
48
1170
301
1827
199
78
484
117
122
5
76
610
1605
122
82
83
483
123
1730
116
261
427
276
464
276
76
887
848
68
1183
175
1451
31
569
214
528
190
1478
373
63
17
135
166
174
581
1178
107
112
388
1082
269
177
311
101
264
274
128
733
400
189
85
379
117
167
46
1248
320
393
212
30
66
107
281
299
177
11
98
81
37
659
362
627
78
168
1611
36
876
44
190
330
215
3151
323
1266
74
311
270
61
228
135
37
105
79
56
104
57
558
1220
23
93
411
653
261
243
2497
2433
339
388
2599
417
940
1845
2085
51
106
140
173
117
149
289
882
477
574
263
870
323
3320
995
232
89
1050
690
4
113
132
343
278
181
266
99
496
636
635
261
400
321
773
276
284
237
58
365
265
656
422
466
246
311
26
129
63
620
159
64
638
1330
581
155
123
153
39
36
372
192
81
165
12
52
75
1326
1664
126
78
366
216
287
714
201
2807
1144
94
365
189
470
535
265
988
236
538
1181
387
51
214
30
7
404
86
35
519
366
323
58
73
754
137
3349
360
286
914
1020
2415
1067
39
254
121
9
1158
762
136
365
4
95
120
235
11
116
559
302
109
224
467
697
119
123
363
11
10
292
355
66
428
66
405
1121
70
157
65
166
128
638
62
1341
100
84
600
451
146
469
285
544
982
114
179
1051
60
78
128
54
67
13
881
423
647
365
338
131
198
332
960
1157
50
1532
48
1
1054
2722
724
66
238
344
681
1465
64
157
291
67
253
2168
132
258
1154
649
93
109
959
524
17
455
179
244
59
61
92
394
118
90
73
600
76
2956
358
148
237
437
23
406
408
33
86
817
286
603
1333
90
315
93
65
378
2409
1162
130
134
308
119
96
284
676
2319
751
159
862
332
393
9
276
1569
240
1628
105
213
349
1565
225
387
32
2
469
46
144
860
179
1152
23
1500
283
1057
151
105
46
243
1680
322
11
72
567
191
296
290
112
112
57
390
93
104
78
180
28
179
315
306
176
266
63
58
134
38
477
265
518
700
407
360
1314
71
92
334
900
423
293
141
435
282
2641
109
81
1
205
537
43
85
332
365
177
730
499
228
271
2064
178
314
526
310
319
80
12
39
808
70
15
78
91
267
343
101
172
100
122
333
182
93
261
172
48
90
486
655
401
126
354
389
91
75
1264
110
1019
398
186
297
361
152
140
278
135
3438
149
297
1094
550
523
92
555
401
209
283
610
67
16
1088
103
116
565
298
534
241
143
513
180
71
292
430
59
241
10
541
42
109
639
86
110
422
69
371
324
332
200
107
20
818
372
80
288
401
165
13
192
815
113
147
351
36
97
408
280
114
852
63
257
847
204
473
1206
670
6
465
92
635
1110
124
94
81
785
352
296
2761
47
635
133
2756
176
1513
2228
1224
699
778
43
22
277
509
101
139
512
659
291
90
112
51
652
400
2643
568
221
126
1328
88
84
29
573
915
101
186
389
125
749
48
924
444
359
1332
95
879
777
84
604
281
303
87
355
131
463
101
516
1041
191
114
581
317
339
139
1592
1244
212
93
134
74
134
134
40
375
263
276
1659
79
152
247
245
697
1060
64
216
181
1056
25
3082
137
283
708
77
41
1325
683
599
303
1145
88
1222
50
325
332
134
39
292
77
716
932
1626
339
444
458
146
444
235
1055
214
79
235
291
52
2160
242
386
147
25
342
97
76
47
985
1264
694
89
150
334
994
122
494
161
120
80
3612
228
113
259
575
153
215
171
220
113
69
2946
328
139
419
29
60
825
233
326
120
209
316
88
1204
444
191
123
363
117
991
193
18
190
549
173
2259
1638
75
446
345
1475
183
190
251
706
820
285
498
316
112
87
70
251
589
214
368
245
73
128
762
915
13
1065
132
66
424
735
95
352
90
265
245
1101
318
57
319
261
100
2018
2179
1037
2038
323
56
228
107
1384
245
290
41
124
282
67
68
210
1357
46
1581
301
418
500
148
103
129
254
85
697
655
63
204
73
374
280
622
198
166
71
243
229
54
578
90
319
232
1344
344
142
233
135
22
176
498
203
552
738
71
1222
125
344
134
596
26
13
62
512
407
358
1094
186
270
142
314
88
97
248
134
275
243
744
1118
105
291
58
90
144
364
377
92
53
59
144
533
163
150
73
475
134
109
1066
405
883
94
161
451
566
459
6
128
185
158
97
306
67
111
54
58
740
56
875
218
210
51
52
350
84
606
149
6
321
128
299
92
123
411
346
2136
236
288
3149
128
384
97
185
1850
1375
176
86
973
1236
44
851
1541
29
73
109
1229
77
627
339
173
264
699
329
1257
1310
957
842
276
75
426
318
355
121
1502
600
346
189
124
94
200
108
415
314
659
63
1040
105
175
270
113
148
563
335
1086
224
187
389
460
533
735
1040
50
1405
970
267
303
530
935
827
354
314
255
468
167
150
213
74
621
582
1768
880
59
429
908
177
343
81
97
264
123
908
737
157
136
534
464
54
106
45
143
71
45
72
381
701
377
208
1372
20
401
1535
1577
307
4062
445
322
180
246
370
18
452
978
854
54
310
131
378
108
907
149
601
71
909
175
228
418
59
1945
204
729
321
212
1048
839
174
409
211
1698
1243
444
251
243
373
76
68
49
175
260
147
457
330
192
107
785
84
252
754
470
441
61
206
230
76
408
293
2471
116
93
439
1436
464
1469
141
75
1998
85
46
223
188
1554
916
51
183
178
1074
301
39
147
369
1016
745
268
782
101
112
490
397
1041
14
55
957
149
496
38
283
46
264
553
596
1087
14
351
297
173
508
181
126
735
108
643
242
20
70
685
231
76
151
95
89
462
75
275
265
112
783
684
172
977
255
1079
708
164
270
70
311
857
167
2537
643
146
1716
50
97
72
362
191
130
139
99
146
7
181
198
80
456
14
128
204
208
14
221
75
153
293
953
360
3718
13
314
103
290
555
199
153
516
361
241
48
279
178
1913
169
66
868
834
73
281
586
2930
80
65
2395
462
391
378
62
316
853
69
78
118
587
125
58
44
473
20
39
14
305
153
82
122
431
98
382
400
51
310
548
537
1435
77
751
54
137
1126
384
221
84
427
460
344
70
95
81
793
533
9
85
1013
425
343
51
149
220
235
80
295
86
59
158
167
767
458
649
386
512
229
91
79
48
198
2162
119
765
67
94
128
257
171
13
176
42
418
110
573
1198
99
118
96
243
356
122
120
444
13
460
41
695
442
320
430
773
2110
1027
926
156
105
958
120
355
601
265
146
328
1474
331
114
124
80
118
1014
121
236
295
85
269
926
199
743
2896
197
290
597
230
94
1534
121
188
70
358
225
396
261
153
56
251
1610
459
98
284
366
444
268
290
181
76
533
354
446
99
436
520
125
2322
597
1013
56
155
76
260
1450
79
1543
75
1997
414
1211
1194
490
63
1052
109
722
355
170
675
133
229
113
158
1113
557
1053
31
267
42
1167
1778
15
2823
638
384
1986
26
462
546
316
4
519
128
902
140
574
193
355
71
370
95
158
248
1783
463
114
46
481
135
338
1689
172
1041
3284
1017
85
102
81
138
1036
154
99
1689
169
109
404
1509
211
123
38
254
286
508
218
63
621
144
1223
1181
472
1185
288
688
489
1299
60
10
494
71
104
134
130
88
196
827
331
112
24
353
44
81
803
1359
151
260
39
1358
75
1345
306
359
133
117
54
111
187
139
337
127
6
3042
348
121
261
113
352
68
238
378
277
162
63
169
147
636
98
134
639
60
469
179
140
138
198
456
64
87
1585
226
113
223
2612
125
52
834
305
1602
105
1115
79
193
480
74
656
1479
86
123
318
55
93
426
76
1469
41
177
232
49
1611
74
53
100
160
198
182
121
132
106
109
213
128
459
92
70
252
519
279
105
667
886
126
772
285
463
652
78
74
63
190
383
472
907
310
437
411
29
1807
147
487
690
155
38
63
59
47
614
376
24
78
93
73
690
102
161
315
214
202
1022
1044
72
22
1057
113
98
219
76
98
460
86
95
577
612
101
942
80
94
180
339
441
388
1158
367
122
210
1085
81
97
473
1542
1111
115
431
694
1149
56
302
200
255
120
507
108
72
430
208
250
584
1553
103
429
75
443
63
109
1845
575
51
88
504
138
712
276
839
423
56
135
47
246
897
421
75
47
554
770
33
297
549
157
47
228
90
316
58
264
1978
458
465
344
746
175
122
437
1185
421
485
226
297
231
84
286
270
347
77
389
115
96
206
466
169
111
356
94
416
386
882
232
73
202
208
596
49
99
102
154
174
147
109
177
374
1175
533
509
101
1287
14
316
14
369
403
111
101
823
476
371
60
319
2062
39
106
412
284
827
390
15
25
471
81
885
445
714
816
208
266
415
135
290
165
733
75
95
147
464
155
76
131
308
2033
180
110
865
169
67
763
248
934
216
72
607
421
1102
219
808
241
76
1560
224
71
146
843
654
158
757
159
37
52
159
106
231
194
173
801
141
155
68
89
412
94
59
112
177
19
190
122
36
410
167
364
67
45
5
624
1222
844
324
99
330
77
189
566
1474
582
369
143
114
3326
751
260
1034
349
1032
261
193
72
723
11
79
250
169
312
346
113
256
112
523
152
135
373
157
2009
182
698
144
423
288
203
144
140
296
93
57
422
306
777
757
162
922
139
196
610
53
967
114
997
159
161
100
626
863
207
211
14
123
867
28
138
574
75
13
626
115
37
35
108
246
579
450
516
2388
197
824
252
286
74
115
154
73
548
167
317
84
1004
414
1010
131
1032
142
609
87
159
445
3048
800
1208
338
277
290
841
94
64
327
1383
775
375
630
385
2183
69
164
171
1742
353
182
10
370
1520
391
3
546
225
276
1586
106
197
193
256
322
633
250
267
113
113
527
580
103
256
362
143
1576
129
136
351
898
422
312
91
1273
138
86
552
241
270
175
139
43
2346
332
68
177
199
817
119
34
1032
113
362
118
115
198
82
493
1606
60
125
135
1581
282
177
525
9
71
282
148
128
880
85
54
42
133
280
1114
158
81
437
2
98
1400
188
168
29
247
48
204
900
151
183
92
367
119
78
689
98
928
86
88
125
186
249
73
314
342
420
141
322
372
131
261
290
187
417
21
389
714
308
129
32
127
2319
85
578
901
345
188
226
425
2898
284
731
74
117
387
59
2
202
220
68
47
16
216
125
88
1465
37
108
56
1056
399
24
531
165
87
144
126
50
188
386
260
110
92
320
1152
99
395
103
722
163
221
128
1621
362
1448
857
71
192
400
156
220
34
79
53
206
21
305
218
100
70
859
352
256
506
115
45
863
109
422
312
3244
157
624
1405
1090
138
880
1226
748
84
84
658
704
220
987
247
100
101
56
46
79
331
73
99
92
1646
80
420
325
411
348
337
276
1030
515
250
320
212
1033
144
262
2282
144
589
59
1182
441
174
315
12
38
311
297
231
1592
223
399
11
336
1276
128
366
62
611
62
65
231
93
474
590
303
121
71
183
101
67
107
847
114
190
94
823
183
123
796
44
22
615
730
897
414
506
31
94
1073
85
192
248
8
394
1330
320
385
287
818
182
17
137
157
48
234
708
13
557
256
1280
88
116
65
213
79
152
412
7
501
50
218
423
5
96
327
175
426
451
1447
76
122
129
124
819
551
628
180
694
1026
477
18
1159
84
175
58
116
97
51
372
635
48
66
156
444
227
640
258
199
241
487
468
149
150
70
180
49
835
148
78
529
193
1534
245
596
128
21
1170
361
219
217
188
153
207
89
179
610
196
163
306
542
1036
287
47
115
515
79
256
260
176
65
122
357
337
10
463
306
339
753
166
95
391
71
118
84
622
72
823
430
295
480
85
60
402
702
95
84
1111
322
426
56
157
348
109
130
639
215
2353
157
1999
87
135
441
351
2429
69
2407
43
265
217
10
1332
22
991
101
66
425
394
760
102
3123
287
25
4200
827
406
291
264
238
92
217
227
1206
58
93
491
145
2875
779
601
262
45
215
277
2008
241
158
222
716
143
758
425
2561
801
195
22
221
141
2326
59
269
209
614
108
7
107
5
94
2279
218
99
286
35
63
125
1551
38
147
408
177
85
799
1211
576
238
155
858
893
288
220
534
397
170
51
212
139
434
127
147
260
121
420
208
408
6
370
27
1041
2719
239
807
743
164
760
53
80
157
39
299
1338
72
875
248
828
259
38
128
16
400
41
118
458
460
350
432
187
281
155
193
308
144
8
48
216
309
56
223
791
382
625
29
512
163
155
786
511
213
1071
345
288
1344
12
296
489
136
371
325
115
413
150
392
52
70
263
1370
123
70
256
420
282
86
56
677
96
249
227
52
21
783
151
208
300
224
983
367
771
480
384
521
97
1053
619
240
212
591
338
267
1249
717
96
1085
284
126
197
63
656
109
109
493
201
270
612
743
1777
391
196
1095
295
12
231
526
329
284
88
30
98
687
219
47
231
91
442
45
227
500
892
219
208
91
1422
13
123
96
403
99
270
141
182
74
1332
284
41
339
530
277
171
1187
92
149
122
2450
453
18
223
330
75
1909
285
206
257
2980
559
305
99
333
162
178
198
317
1276
311
93
1087
396
522
564
656
80
160
45
6
17
256
6
684
3166
87
17
423
385
346
141
577
327
1085
247
616
237
163
82
441
296
60
309
149
120
86
620
441
112
121
214
926
462
117
148
1288
97
281
173
728
221
238
442
354
474
813
409
71
394
260
37
10
6
88
360
65
814
469
95
75
199
66
275
68
956
1764
526
1237
342
430
34
223
114
63
392
243
480
508
326
117
109
70
2144
186
333
443
240
73
112
10
475
143
86
1711
23
369
881
204
1765
169
274
207
1554
95
312
706
284
85
270
76
635
690
600
47
18
730
677
10
947
81
1793
119
326
1138
82
555
1388
156
135
409
433
303
115
125
85
31
2024
65
41
71
95
166
245
65
1317
71
96
286
44
285
115
151
165
201
138
318
63
2374
479
99
852
1143
142
228
68
6
299
233
630
289
377
585
27
922
99
71
142
1047
658
463
560
91
543
351
929
404
146
1011
4
452
1786
584
1072
122
269
176
160
101
85
996
458
74
400
1510
262
171
581
1117
49
395
135
512
256
310
134
1310
663
166
191
92
439
672
125
1320
189
150
2386
861
52
240
1066
1604
110
310
108
341
339
125
937
251
910
563
825
193
98
1039
229
797
679
609
130
299
448
1249
65
4077
62
446
247
461
75
219
373
944
1199
82
1389
45
91
87
412
970
486
332
105
110
645
366
84
11
328
405
264
108
0
1153
24
218
123
407
688
293
23
193
182
321
155
290
507
1203
2
1453
190
6
129
293
149
214
7
2263
121
340
1065
300
932
734
269
86
82
29
265
277
287
193
584
39
703
725
10
176
84
70
463
353
511
773
161
124
363
1203
73
128
240
101
433
225
297
482
420
11
328
2298
1374
358
358
431
46
163
28
967
283
51
106
174
518
1433
430
332
801
91
316
1050
1372
373
1426
1278
103
182
96
1023
68
87
37
150
293
769
117
427
145
62
414
716
144
106
15
128
613
78
131
1532
497
322
76
103
48
154
115
323
275
339
168
1790
521
133
88
295
246
87
184
552
1282
176
70
570
69
709
1040
74
238
162
51
109
53
223
1065
139
1652
287
408
725
654
54
851
49
135
65
299
112
3087
131
464
91
446
1313
254
159
221
1231
81
36
1375
989
129
2176
126
292
75
60
141
616
152
112
393
173
885
168
696
1027
2398
155
603
1220
285
147
422
186
159
963
83
668
65
136
695
454
155
26
181
908
104
849
36
232
1153
22
193
1040
861
47
41
282
271
11
301
112
1441
95
1698
1319
3248
1314
102
4032
534
135
99
91
235
528
531
311
466
29
1060
289
200
1026
59
126
70
606
369
133
190
367
835
142
238
53
81
333
533
83
116
2962
98
486
355
1476
451
3607
729
271
43
513
516
47
402
1272
107
417
394
398
15
640
35
79
126
2156
92
77
187
282
142
1563
61
18
168
149
117
328
18
115
216
313
279
96
113
147
287
1469
75
202
892
54
187
126
583
10
566
135
126
2306
116
100
107
782
391
107
95
409
370
427
301
67
426
59
52
266
128
72
302
147
775
573
48
27
345
388
427
62
243
357
64
91
338
284
773
636
444
1011
627
15
278
167
287
283
185
131
258
53
86
104
55
1101
848
221
78
114
119
909
144
1165
42
92
160
335
371
444
466
213
223
18
95
358
148
1066
336
475
59
340
948
156
793
582
218
57
205
98
572
237
173
903
1462
685
1077
289
556
276
163
153
350
640
55
147
152
8
1623
931
25
3861
119
408
252
475
333
140
240
236
176
104
232
990
64
590
791
1420
374
238
1015
182
308
422
171
1549
339
248
391
272
231
395
295
471
201
927
86
169
88
272
797
867
1540
260
586
428
49
213
546
465
58
326
240
104
225
182
321
527
1975
1108
355
822
81
250
194
208
9
570
103
121
87
359
66
183
286
331
60
833
310
206
187
876
982
782
158
48
355
327
579
423
66
72
29
34
51
1125
49
355
221
386
1348
401
259
80
635
1405
27
75
659
234
1278
72
192
58
528
1824
481
292
318
261
44
40
272
441
1381
329
273
239
110
116
120
266
373
119
539
285
209
297
155
1106
57
388
991
245
104
433
72
210
107
420
147
119
165
276
581
429
111
276
185
809
549
109
571
234
343
362
104
322
276
10
75
143
236
453
287
865
2261
808
251
101
401
1845
210
952
200
362
283
433
440
306
1005
87
71
383
26
368
448
6
2322
577
1391
152
481
138
47
878
319
90
131
130
361
8
353
201
508
186
208
119
306
4026
852
1487
959
334
192
446
342
41
64
162
820
526
87
184
391
83
94
25
221
180
1269
282
88
23
60
124
351
722
74
155
459
462
341
513
2110
1462
223
105
103
131
1301
208
201
985
507
87
170
495
1123
434
181
173
90
36
410
631
1988
140
1657
52
398
1185
66
93
414
331
103
110
120
64
143
503
414
97
508
467
376
272
826
71
2739
1246
27
974
170
283
407
131
20
1061
582
760
519
199
102
107
69
15
514
74
119
343
70
121
83
1423
3486
95
80
78
461
199
56
77
38
725
179
145
810
1057
213
461
1534
366
125
268
225
382
1039
40
948
986
690
999
257
90
93
1263
711
96
613
137
900
68
1066
427
1008
230
627
1643
41
161
776
87
353
104
156
74
159
346
130
91
75
496
123
632
114
646
241
345
127
696
124
77
1313
296
92
125
1026
1
121
559
419
87
102
336
368
135
503
678
88
77
125
88
13
188
526
433
333
1248
2461
350
85
881
92
1628
1107
196
254
1358
196
910
579
981
850
78
273
328
13
182
83
1313
106
82
1
486
482
176
429
432
20
539
140
580
345
2415
474
386
285
373
110
433
1182
83
83
499
542
224
290
233
90
147
109
407
447
98
15
77
236
620
567
852
114
234
787
58
373
235
653
11
82
865
30
712
64
98
32
289
207
101
108
816
128
666
249
106
940
853
51
2111
281
557
96
200
363
2859
954
36
27
1601
116
567
250
733
1481
933
2171
203
74
434
177
174
151
131
2281
448
963
107
60
186
427
741
64
371
62
593
427
277
1220
380
22
76
29
81
107
303
110
985
112
76
559
194
25
121
106
57
653
80
774
549
366
137
33
2031
178
437
267
242
1030
0
88
73
181
439
713
115
1504
212
86
2
193
350
66
596
1072
77
82
393
335
337
246
194
170
284
171
1377
597
127
123
85
1366
55
16
469
454
258
58
66
265
180
76
460
133
128
260
3410
309
271
81
57
135
886
114
128
94
73
5
162
90
1152
931
114
166
67
1086
587
90
111
352
85
1331
421
61
165
1468
270
294
66
6
69
784
169
282
19
197
135
93
159
206
469
31
442
67
903
1177
1097
1070
130
379
477
60
896
417
261
118
61
157
75
389
544
6
15
789
671
371
308
666
80
296
97
83
1114
108
116
112
84
1070
136
397
21
211
237
453
255
242
377
399
1735
475
291
149
60
888
747
945
2204
229
19
346
1092
550
182
617
156
157
66
845
116
11
146
1499
194
660
128
48
190
34
826
213
180
1881
1320
1171
202
142
491
107
635
148
719
395
352
922
290
691
2193
147
270
263
458
1095
351
100
90
262
374
47
442
287
87
897
63
357
817
311
2000
1303
167
108
97
743
4
237
190
132
636
137
983
208
106
112
347
91
629
781
97
735
49
289
77
329
138
396
140
111
66
295
141
85
124
208
201
76
305
160
156
1379
255
101
55
844
35
20
337
522
113
124
311
37
131
156
388
905
36
223
206
289
458
197
113
237
469
279
937
197
72
121
68
294
106
228
289
66
326
231
277
228
115
631
110
254
2077
556
254
99
454
11
691
93
345
50
117
179
454
104
50
205
144
317
128
96
108
90
515
764
687
100
805
240
916
43
87
65
269
581
313
308
225
190
80
623
108
571
170
246
290
120
949
195
150
290
1677
109
105
1167
223
55
69
320
109
234
84
208
297
114
528
276
312
112
111
57
324
204
881
213
729
711
29
298
216
136
1338
62
48
60
113
414
67
548
251
288
90
468
160
644
164
222
1260
79
463
273
478
773
182
21
61
94
187
97
140
15
1933
3155
211
253
141
157
819
1732
446
539
1156
118
92
148
10
111
73
85
311
211
82
44
131
464
724
359
11
72
755
436
69
89
127
191
529
80
503
1001
579
506
335
184
232
1162
167
194
866
56
444
455
384
171
101
254
577
212
78
169
583
225
240
68
17
687
344
48
420
303
360
23
62
160
340
427
112
104
302
87
152
86
266
1128
358
44
311
100
90
107
193
205
63
364
238
201
48
956
86
285
156
146
3127
259
490
998
1180
134
1965
868
896
102
567
929
26
433
80
709
92
3600
142
238
408
33
324
76
54
349
1119
217
644
73
150
678
917
705
16
96
677
1409
1191
211
264
45
11
2774
487
233
742
980
420
397
316
198
515
91
309
571
128
128
137
97
669
59
2858
142
506
353
114
239
221
134
786
37
398
176
2131
314
700
683
117
154
70
67
892
800
313
93
287
845
3725
151
1059
122
268
183
212
1043
1437
105
451
1203
619
88
197
104
177
273
373
1215
532
1496
264
339
30
169
161
303
1838
189
351
896
130
4
121
1122
837
669
666
114
312
1981
141
900
823
3288
203
823
212
223
822
165
246
100
146
375
118
1154
16
111
38
155
166
323
408
193
489
98
307
1120
66
537
60
236
599
67
558
974
130
366
454
297
390
152
107
218
566
46
79
155
405
843
81
98
457
325
75
206
515
40
119
720
1040
54
674
673
232
1098
63
273
1175
133
768
234
64
45
198
825
70
599
15
943
286
105
54
306
313
145
289
167
1590
329
855
83
1037
62
1825
278
113
1516
59
314
928
451
1411
665
2640
1427
524
449
167
342
83
0
81
967
2021
86
152
75
164
97
77
442
163
262
244
81
634
887
67
132
99
165
582
71
346
220
307
234
668
133
355
466
285
101
161
529
239
130
2195
817
5
162
255
78
158
172
963
259
295
341
183
215
266
864
131
728
434
245
165
489
114
154
1962
1595
2
368
191
890
149
222
407
668
54
1084
423
48
111
1644
599
77
237
588
241
203
1641
560
79
397
361
113
64
52
992
91
194
193
266
101
74
70
2546
40
130
604
18
238
108
501
1116
818
1859
251
70
390
641
1855
367
256
312
79
90
668
111
336
101
14
2830
177
838
139
583
141
91
129
312
2066
8
2194
165
67
588
211
247
135
109
389
387
104
565
311
323
58
299
1031
439
267
123
68
103
442
264
630
161
222
747
157
12
125
819
360
205
45
372
246
796
1072
309
1417
1218
821
201
334
311
96
172
1441
485
213
249
73
192
107
386
1883
1341
57
1403
172
405
37
363
757
40
21
17
1047
36
46
219
234
581
347
7
194
618
391
831
136
248
937
485
211
293
8
275
416
6
81
223
848
2896
661
634
93
317
215
33
8
344
656
68
553
375
1613
172
188
373
165
249
425
949
169
257
86
66
401
852
224
128
402
361
286
1228
263
116
166
107
62
10
881
760
463
535
341
259
1102
881
945
159
9
905
129
81
107
89
483
383
65
287
266
86
157
215
433
295
821
561
475
585
582
209
152
163
2336
887
775
145
138
1071
350
380
67
293
91
302
743
547
274
61
82
796
1639
1474
124
58
45
115
103
170
18
1651
695
244
863
161
91
1948
95
104
2969
1199
70
2441
805
145
252
234
276
136
399
104
81
459
342
399
141
1752
13
104
70
186
87
23
232
167
3766
300
484
108
192
48
62
1148
24
1598
1392
167
465
16
527
149
611
87
119
381
270
145
565
257
85
302
116
99
102
512
260
72
331
847
116
113
151
60
9
129
141
785
82
329
258
326
296
2472
69
826
205
750
187
624
2137
106
555
395
1241
749
110
272
251
209
76
125
347
108
1572
1184
159
222
1212
403
622
68
478
146
67
315
37
2240
413
401
132
2960
3486
324
253
217
206
424
10
838
46
242
630
250
95
1187
1023
868
119
431
306
75
369
268
383
1074
45
134
645
88
52
1033
1490
430
107
212
532
342
129
419
151
116
251
159
191
443
568
1580
157
307
0
150
330
322
117
392
780
137
606
208
444
265
181
156
444
1576
430
91
296
437
316
628
94
44
137
926
311
218
54
1226
281
502
15
2619
847
547
126
441
107
133
422
1961
505
393
1578
1477
92
216
265
380
146
126
81
619
1168
14
559
225
80
281
205
72
79
2078
176
8
917
127
1827
387
678
345
474
385
132
200
312
316
100
366
394
520
69
398
398
371
164
64
1183
280
139
864
101
87
367
25
157
234
149
260
379
3309
4072
864
750
4
266
75
127
92
124
157
549
1293
197
751
980
184
100
308
2371
80
753
878
393
270
60
145
116
700
317
1034
80
59
24
104
808
74
205
187
69
85
60
393
198
356
775
22
1783
679
618
459
282
406
441
69
49
815
170
717
154
104
2640
294
95
602
159
43
172
328
87
213
1669
686
750
436
48
153
400
109
74
143
74
151
48
560
924
192
88
261
148
172
116
303
1580
453
1065
342
360
1459
461
166
3331
1000
292
53
2615
207
65
199
459
305
463
137
74
252
149
367
780
317
241
298
138
252
310
173
80
354
759
804
229
434
182
16
60
39
66
202
57
800
69
289
66
1136
38
309
75
279
525
250
224
228
449
466
300
177
235
1329
519
443
39
936
179
145
18
728
397
276
119
885
280
210
76
44
255
51
111
152
90
239
1127
414
1125
806
102
261
330
135
130
1272
95
354
324
821
252
1097
61
1130
98
1400
228
281
1363
1346
495
276
315
2989
374
95
449
51
437
326
276
128
354
844
453
269
421
13
818
144
59
386
463
70
330
101
2289
154
13
55
131
682
828
139
97
113
863
3167
329
1269
234
597
513
418
164
371
84
212
567
499
160
1030
156
391
701
115
113
83
142
430
983
159
118
45
61
688
986
474
24
141
440
1850
373
382
107
20
314
400
259
491
414
70
361
974
471
268
799
78
268
67
151
77
159
348
454
224
42
625
87
998
116
229
1037
1007
22
278
42
435
417
250
70
828
129
554
88
74
84
74
63
476
3274
1150
255
251
746
122
132
87
97
75
280
1118
520
749
397
106
195
1095
364
1240
1019
496
138
785
225
140
3514
141
335
100
29
141
312
268
407
132
272
4161
287
558
228
69
163
1366
91
740
881
146
784
57
251
191
126
115
126
98
378
356
783
120
237
124
420
98
1124
66
285
225
711
950
293
368
154
83
117
1049
81
144
160
95
60
249
64
214
67
802
88
133
823
94
191
133
1354
868
861
250
302
259
326
151
99
149
458
113
348
46
476
838
480
2298
321
1076
256
83
226
396
304
1740
414
249
340
227
220
94
167
9
2336
129
143
114
149
421
996
320
137
1126
1125
305
103
90
1175
446
76
735
238
160
494
406
119
1812
79
59
19
369
1528
101
447
836
206
82
377
443
450
28
225
421
82
233
96
948
942
1281
81
146
617
123
194
18
613
73
165
971
152
203
268
94
188
385
96
1712
305
321
157
873
139
102
1164
611
1023
322
1523
180
53
190
477
513
194
332
820
107
418
338
91
466
628
447
0
92
445
54
15
62
52
69
264
44
966
1959
296
53
319
1401
72
996
155
21
1150
242
185
918
144
279
321
960
2103
3519
265
15
736
984
412
35
113
1428
36
399
202
98
1356
106
2645
55
644
1470
1416
495
1027
173
341
232
64
116
317
159
149
61
304
500
84
85
169
203
62
114
86
56
891
467
2111
180
807
152
72
1214
115
95
43
247
221
433
309
156
1236
442
754
60
572
137
303
395
56
699
433
127
465
521
235
98
335
1466
42
158
991
1166
482
824
78
841
165
154
373
583
123
215
297
165
2496
355
89
108
80
170
89
144
202
2005
953
377
790
157
362
162
359
45
2343
1314
938
101
621
941
115
153
1087
253
227
637
449
57
571
2639
547
940
633
68
1064
96
143
90
410
187
781
401
625
886
354
229
277
426
56
602
161
1079
125
399
1025
90
82
202
154
897
218
109
93
710
448
261
173
195
145
178
230
3853
113
2017
1124
58
152
63
1396
75
1738
505
1770
124
114
328
218
1063
56
96
170
351
88
54
365
93
102
631
273
1234
309
277
101
34
153
38
97
115
1686
221
320
106
454
524
803
284
45
98
536
259
253
96
1005
707
334
459
637
101
261
59
65
598
173
595
231
629
99
2068
65
48
117
88
1794
91
82
65
281
96
155
1445
381
275
126
162
656
1084
162
260
196
633
301
473
1519
14
129
1369
786
838
1015
2429
276
379
127
93
311
119
227
264
160
65
448
285
92
17
697
404
1327
400
30
607
721
483
346
604
87
66
96
314
326
5
146
434
117
92
238
255
225
118
728
238
399
54
234
782
129
818
979
881
167
107
1265
70
118
707
35
397
167
7
245
274
58
255
422
815
1004
42
200
1519
315
432
391
402
699
80
228
148
209
123
153
200
1214
58
169
84
398
83
233
576
273
365
55
178
89
405
27
93
1823
214
2250
50
57
31
101
401
221
270
312
284
996
79
84
313
2589
416
182
349
146
56
343
97
77
242
679
124
187
439
364
71
171
575
273
65
104
181
326
131
472
104
243
743
889
51
625
734
211
2648
63
135
119
2243
125
616
18
6
980
1449
569
275
65
715
83
808
78
2324
544
129
217
450
128
743
430
152
203
466
2313
129
518
266
467
1298
1455
593
354
536
130
256
75
84
116
509
182
101
1596
13
174
354
94
131
132
130
114
1149
330
147
154
54
962
412
397
517
163
227
131
248
85
288
86
102
455
1431
73
943
830
128
1241
417
274
321
178
426
117
236
276
93
110
182
390
5
678
288
83
222
505
57
229
724
137
1339
82
786
87
68
737
333
53
115
16
1614
22
98
817
108
40
904
130
557
113
125
113
216
366
215
392
420
104
71
166
311
214
924
37
103
145
475
100
216
2934
311
72
556
199
356
98
423
307
70
1367
1429
290
204
130
75
131
20
709
315
525
40
468
373
189
206
60
235
76
298
676
834
88
788
1059
442
77
1411
56
137
457
63
301
3057
150
554
468
212
937
372
594
731
192
870
491
110
62
83
85
103
45
92
499
157
380
161
62
880
344
509
244
133
79
400
421
260
2815
57
176
235
47
97
554
442
322
268
110
208
94
197
444
337
381
582
168
414
183
608
178
1314
398
61
1782
916
110
1538
742
96
309
89
71
288
1055
334
8
180
137
101
1181
59
3526
282
0
361
172
560
419
424
1376
1633
767
2091
53
180
786
689
1214
3591
891
65
215
79
372
1426
110
95
117
638
418
860
112
506
194
72
1267
370
916
87
1457
760
211
618
300
86
90
372
104
178
173
356
1211
2000
117
77
597
170
108
93
183
746
323
50
209
1299
111
424
146
170
801
135
2313
773
1058
89
1988
120
434
390
762
622
112
374
97
1906
298
200
20
25
78
118
106
150
21
242
115
1032
1513
1110
105
77
602
124
153
99
1998
49
1508
432
449
7
709
351
77
101
317
507
375
752
318
85
186
214
72
243
438
1641
172
150
75
183
128
75
132
402
161
509
8
63
485
298
575
104
749
154
106
103
334
309
73
59
85
458
105
86
83
1401
82
188
116
359
564
3934
559
911
440
88
842
133
207
190
36
222
137
95
602
235
406
65
61
64
357
127
429
194
77
40
618
1119
166
556
252
172
24
165
530
85
309
225
89
136
165
375
162
882
267
741
343
376
229
23
224
918
234
191
71
744
773
164
137
89
160
64
430
455
357
122
175
353
81
332
103
233
803
697
174
177
94
446
118
62
311
356
525
121
90
309
933
262
75
654
1056
55
362
254
73
245
705
346
232
274
41
75
87
74
150
2
41
190
183
68
125
63
822
91
485
611
68
529
106
957
629
1189
652
53
616
424
227
59
516
754
79
128
61
73
60
415
184
231
118
169
88
141
381
245
268
310
375
552
200
2725
484
531
89
80
87
199
201
216
50
790
253
598
960
1860
376
53
348
2935
524
418
17
728
79
76
251
94
1908
425
91
129
203
7
160
464
339
861
1520
440
392
1008
108
651
62
113
164
177
151
81
79
64
194
72
293
2450
224
105
365
240
376
322
63
403
526
371
134
23
275
69
147
242
1132
1095
415
260
168
58
87
718
248
404
406
49
394
899
82
414
838
1904
170
63
64
208
339
265
1779
127
79
319
145
1173
357
279
260
1221
428
107
310
363
52
245
225
597
358
1233
284
121
678
392
168
1229
2655
517
83
1078
189
979
72
388
257
283
692
10
28
918
811
594
252
1132
436
207
482
762
169
76
452
1755
136
433
72
92
703
72
212
114
206
91
200
160
129
100
105
196
228
577
450
416
24
850
502
202
288
421
1638
41
159
851
261
57
155
23
1969
119
145
3
264
276
261
3223
1230
164
96
937
368
188
378
319
145
85
369
171
57
386
187
71
686
189
104
141
121
77
63
305
181
121
308
1363
271
843
132
120
132
393
95
124
147
763
226
225
55
757
120
162
101
101
47
527
23
120
473
220
95
142
200
86
1022
743
1221
107
52
1099
635
78
686
111
191
212
920
5
15
339
835
1133
1053
351
102
938
55
1211
162
699
111
68
95
455
10
275
149
565
956
388
2746
170
36
321
341
88
427
221
1538
440
151
2576
1401
51
1770
139
247
1071
169
586
700
519
955
351
1064
504
16
19
139
121
81
92
597
263
256
396
153
314
80
14
264
335
347
71
443
366
138
505
120
133
11
324
91
1565
253
257
60
637
87
684
165
956
496
14
124
513
1219
428
84
339
350
656
78
1150
866
87
760
142
688
171
461
276
131
135
286
307
194
129
358
778
52
54
1760
848
96
163
819
226
135
347
686
119
274
27
143
82
288
103
394
598
374
282
2389
140
3481
824
1011
252
32
9
338
526
288
494
748
57
328
128
88
71
595
3
100
153
497
110
361
482
64
52
39
627
135
142
639
276
73
75
1644
1417
470
57
357
112
495
105
124
163
97
147
576
432
2305
532
137
1911
1499
3562
141
64
344
147
228
77
57
637
696
877
216
458
236
109
352
76
14
89
75
412
254
205
3052
288
732
308
545
1005
398
194
337
1250
54
660
463
98
59
352
543
1403
200
189
162
536
146
252
130
46
116
1702
602
76
246
515
1775
661
75
225
362
471
181
105
185
85
164
86
474
15
1594
805
77
154
450
73
605
60
351
83
329
326
157
127
104
242
399
269
314
1587
81
1665
106
110
1179
235
786
92
313
308
24
523
99
19
349
95
347
1306
268
398
133
185
215
152
1637
386
231
2196
177
157
96
2174
196
8
51
346
110
3371
97
114
71
173
269
111
83
1116
3418
1046
267
464
52
157
122
60
175
74
320
204
150
83
531
539
282
76
86
44
398
188
810
53
51
508
70
289
297
77
170
108
248
55
64
507
558
129
208
354
395
279
229
93
23
639
20
183
891
785
83
171
376
352
345
368
75
252
260
66
809
97
2292
225
389
306
319
294
76
1464
289
508
77
177
213
80
161
724
295
123
59
39
25
146
94
56
218
228
199
109
1668
169
1696
207
865
50
516
1413
227
21
171
2271
268
274
110
3122
1401
259
119
1194
1047
86
4
864
451
119
205
246
391
358
273
434
524
211
1271
1039
404
1042
1569
318
333
99
431
200
847
2304
121
89
567
738
540
98
286
307
344
118
188
37
116
216
323
126
318
278
447
780
496
203
678
166
209
138
74
417
85
269
970
2
190
303
55
841
201
312
71
393
232
91
350
308
444
488
70
255
235
248
306
150
74
352
447
766
523
441
542
75
307
210
113
45
467
103
458
128
45
127
24
25
182
838
527
269
27
73
360
448
345
67
434
1041
443
387
291
572
295
22
98
19
386
194
403
1247
206
130
311
73
80
1411
231
125
90
48
544
262
275
83
209
29
457
145
601
729
583
776
26
162
181
284
129
216
74
73
238
142
97
199
341
167
126
71
33
404
606
290
275
77
68
203
293
351
127
79
48
1040
191
78
236
109
130
206
207
247
428
98
81
115
81
277
83
86
1021
175
2170
556
1342
251
295
79
698
254
327
68
57
51
381
559
628
495
86
1022
62
149
582
1743
1
2108
233
101
93
75
2295
13
2
457
2272
8
368
97
86
94
194
76
184
420
89
83
337
386
14
259
2110
486
1079
173
43
160
30
432
912
1672
705
234
72
87
165
784
2787
468
464
201
222
454
140
805
473
130
20
62
302
104
69
153
130
533
5
146
382
76
623
92
274
59
91
1295
1027
218
72
368
120
1089
134
375
70
290
150
427
30
134
103
272
1217
96
169
342
1533
82
641
139
201
75
911
172
14
923
1233
19
120
806
471
6
137
163
54
48
381
438
54
449
260
824
470
1045
440
165
569
154
2473
260
84
154
377
145
1681
3392
597
110
350
1029
773
347
627
96
73
156
273
162
147
143
97
650
13
384
373
136
1442
248
76
28
59
101
64
60
106
849
22
75
22
122
70
61
121
200
357
153
80
500
43
321
293
153
241
97
388
510
646
75
339
773
1020
293
59
429
323
1024
877
328
4
197
149
435
107
564
519
51
39
210
683
71
265
534
577
261
249
931
141
15
1335
9
206
104
1284
606
77
109
83
174
132
964
817
1150
141
183
542
1127
599
87
851
613
130
60
411
84
25
642
205
236
669
390
22
81
694
822
174
133
89
122
45
2076
432
51
385
1482
63
774
89
12
335
1634
1240
123
1279
331
735
611
1067
113
69
72
3029
105
177
129
164
297
117
364
110
184
3791
266
92
114
1351
93
59
49
2621
672
407
114
242
782
198
137
372
1134
81
90
1148
338
152
384
543
85
1396
182
417
88
176
52
345
93
336
107
639
227
169
65
133
344
139
598
351
362
206
283
489
314
168
197
80
488
176
261
35
249
298
184
199
125
97
644
255
60
69
153
288
47
777
531
1350
330
2207
770
1346
92
130
122
656
376
344
1575
342
2162
149
112
885
659
891
127
261
292
180
547
1918
100
321
409
159
156
538
1577
1189
150
216
76
1108
94
79
469
279
354
186
254
28
473
287
78
835
189
87
155
623
259
64
193
143
436
214
3419
376
56
771
299
57
364
126
1069
21
1646
120
43
54
521
131
31
387
766
81
886
80
283
137
295
355
312
2139
13
503
327
71
174
69
101
174
68
109
88
427
86
227
138
109
458
380
841
404
894
275
121
525
2853
161
224
737
106
776
103
1151
1263
87
132
282
695
175
285
81
51
144
292
224
897
401
96
682
8
323
704
732
2009
420
106
13
171
189
81
851
76
278
250
772
3453
107
2869
400
521
72
25
164
621
992
16
273
117
41
197
165
151
768
54
190
2910
119
76
3
99
73
475
155
21
143
13
376
658
880
355
33
2885
18
373
194
215
143
1521
1157
1643
170
103
379
414
64
2434
1276
842
4
800
117
944
132
699
1141
580
83
368
80
341
824
40
1370
51
932
467
96
86
185
362
221
106
265
1191
102
765
320
101
291
78
626
152
128
183
640
159
80
74
388
38
106
314
122
681
2124
311
876
4806
3083
244
99
405
230
150
483
1266
165
244
418
1515
382
155
222
28
229
825
454
1338
335
337
105
71
119
615
121
186
260
376
97
587
263
250
306
73
338
1356
160
69
202
10
116
247
913
572
583
355
93
352
1580
1318
17
351
855
154
170
391
167
179
232
78
886
2477
169
173
203
145
102
533
58
86
319
288
488
418
135
457
67
2479
21
1143
480
127
37
460
161
16
1903
34
325
106
131
1489
218
90
128
724
66
1347
602
172
156
27
134
66
171
50
1150
2265
282
240
291
156
159
11
138
214
159
105
538
322
105
678
130
132
367
206
140
392
132
1653
1561
316
85
470
110
21
274
785
90
139
864
63
802
103
224
19
1731
106
217
418
246
368
105
261
102
96
110
67
197
122
1862
1772
165
991
155
154
105
822
138
423
396
324
410
249
70
230
151
132
136
104
26
54
53
264
91
177
155
844
436
170
669
69
127
537
164
262
89
216
146
364
19
54
102
523
424
286
359
126
368
82
104
114
180
58
418
149
171
1154
180
193
58
262
55
137
1869
65
107
250
512
269
218
173
53
1012
210
135
640
92
118
457
198
918
447
1019
1890
526
61
1533
903
1015
349
111
228
254
17
517
247
169
652
154
177
280
193
2178
588
325
159
106
1648
49
4
508
129
257
180
119
1398
182
159
488
154
129
63
1365
68
665
234
43
497
1561
146
96
176
114
303
286
405
1969
929
671
73
1470
161
416
175
137
159
195
79
100
87
192
998
383
198
116
120
105
21
67
26
216
122
385
94
242
148
1155
701
388
292
270
150
76
426
118
823
128
15
332
404
455
77
163
616
131
120
101
195
792
80
575
523
87
52
206
1734
186
182
859
78
2269
163
68
76
238
405
481
833
346
43
190
52
2081
239
149
67
122
773
60
450
9
390
159
47
3273
366
497
701
873
718
582
173
13
179
722
11
122
198
294
87
661
181
91
55
170
739
240
171
175
711
203
414
218
480
194
195
255
754
63
525
283
136
238
453
156
337
313
686
145
95
164
124
199
120
363
111
45
180
162
103
1078
399
125
56
173
308
216
1120
3131
64
190
1308
654
152
417
586
249
156
179
225
298
127
273
13
465
168
442
1265
1084
96
33
191
139
244
451
122
242
71
330
691
24
533
7
1226
148
190
71
143
128
431
288
111
106
312
954
411
1239
1497
440
55
70
73
591
652
302
286
106
201
28
67
426
159
102
165
9
61
602
760
798
250
1705
90
44
62
838
1320
156
27
433
78
1626
162
457
248
66
598
666
1244
506
189
1032
189
76
527
56
442
58
223
1056
307
5
215
65
210
506
379
109
209
180
144
142
108
158
47
71
83
153
182
135
135
36
88
1026
313
987
148
1242
359
302
229
682
306
404
980
354
2496
100
100
133
20
67
2764
386
65
328
412
542
570
156
177
153
369
766
963
93
598
803
349
1123
65
86
456
119
181
480
167
61
195
69
772
144
241
2581
425
187
153
107
122
80
55
766
152
80
129
135
129
219
347
229
55
84
363
168
265
113
258
1479
73
1748
418
842
909
280
1522
172
670
234
239
437
55
168
418
474
128
354
76
705
172
158
515
457
51
255
2147
744
422
528
273
482
162
235
1009
462
303
379
238
620
594
946
976
586
798
9
294
430
3429
67
323
150
886
109
39
227
122
992
182
192
257
99
17
795
108
691
506
1296
60
119
226
174
468
153
449
183
88
186
112
187
75
260
19
6
21
375
129
72
871
23
418
859
62
352
383
32
97
68
2598
1355
160
46
394
441
550
353
423
244
660
110
98
84
5
345
537
996
240
82
688
118
1472
193
110
120
808
181
71
525
820
555
408
404
204
93
557
519
845
291
391
149
653
499
1348
310
205
163
406
234
165
102
112
129
1383
1485
88
335
630
347
246
170
106
355
117
568
457
2734
443
190
2452
596
403
331
538
395
52
260
89
143
209
162
789
147
331
205
750
321
564
694
57
1489
82
103
93
131
284
448
3011
338
504
76
411
499
142
88
380
491
534
54
75
152
43
220
506
10
625
1098
287
47
77
543
376
406
1199
105
1061
1187
1001
39
37
142
348
44
318
296
198
71
144
845
438
1334
501
536
122
75
366
55
2774
107
1057
1007
267
1083
160
91
124
881
334
52
133
277
58
387
332
40
1342
578
306
405
435
302
226
5
40
201
486
660
197
89
15
275
247
694
148
655
653
85
1105
211
654
1021
112
48
990
176
462
320
810
134
709
733
142
71
371
28
57
588
1124
749
160
851
38
502
470
366
1503
863
448
133
567
177
815
34
29
612
995
383
327
783
867
902
29
91
131
480
66
242
441
102
205
82
1046
893
876
561
59
184
172
367
90
992
40
163
733
456
141
211
230
65
105
163
1070
188
5
74
570
285
360
137
543
200
58
70
62
152
64
161
255
246
822
79
124
2069
249
173
61
49
322
192
110
230
113
69
121
431
936
2049
1540
1282
51
1540
349
76
58
246
111
116
75
223
330
72
182
743
1415
4339
1096
73
78
656
220
470
180
1754
600
60
276
501
1064
723
47
68
32
941
275
499
1073
28
91
130
133
169
477
465
311
667
60
83
112
101
75
550
585
469
246
192
76
90
120
174
406
187
423
762
172
95
349
64
1117
17
84
1167
668
254
20
201
727
348
357
61
56
918
151
160
137
123
894
354
683
376
76
543
24
73
23
1730
276
139
87
122
19
788
348
799
87
512
1139
952
235
65
408
227
310
76
595
278
158
373
113
296
853
78
16
151
130
245
333
0
597
564
421
710
17
96
371
511
626
73
76
85
169
467
568
827
78
363
1363
232
959
26
2548
426
235
334
13
426
503
332
174
105
195
134
352
1855
45
130
661
233
85
19
1241
62
186
84
366
66
72
211
36
18
74
136
83
1697
454
459
116
2017
660
87
86
83
378
263
1145
6
294
43
708
486
1648
115
102
1012
799
206
2941
593
55
50
158
342
127
122
309
29
230
430
218
125
149
75
173
11
549
282
971
1269
8
230
56
74
57
69
353
843
906
783
407
1884
75
125
1046
156
722
315
453
284
185
167
1010
295
47
153
368
748
45
281
188
359
121
2115
402
150
793
710
299
60
71
160
270
445
90
82
465
206
191
480
1091
317
269
127
145
265
153
150
808
1119
814
581
335
284
153
83
6
1994
2380
676
290
129
953
133
101
189
48
775
122
761
246
4360
1262
367
419
49
914
146
68
1218
313
62
101
756
87
1337
1811
114
94
199
596
601
128
299
541
296
1074
77
140
1075
38
172
136
101
161
488
558
184
149
546
175
238
86
157
91
65
151
11
107
2560
139
98
162
99
352
316
260
608
516
620
418
13
84
205
857
262
217
94
252
75
551
483
222
71
133
245
86
470
872
162
152
351
18
12
100
177
229
97
62
626
71
1249
9
51
15
235
224
208
112
181
224
1261
86
185
106
1770
378
94
131
119
205
140
251
213
157
875
147
182
81
360
304
629
792
1220
833
228
286
485
262
927
367
353
256
234
2574
2293
101
149
85
155
62
760
173
425
151
219
650
19
74
51
1609
41
1355
417
253
486
60
506
255
1347
989
1061
284
1326
2831
574
308
363
502
12
208
1082
271
201
263
1929
72
262
292
250
188
71
188
63
624
106
1237
245
35
17
272
268
48
287
80
130
9
417
573
1042
493
198
100
89
1059
57
401
228
153
57
54
1668
722
462
100
513
227
532
25
295
782
100
2888
50
82
308
383
815
584
1080
91
142
362
13
122
229
88
227
432
176
230
159
112
1033
437
157
1182
154
217
81
957
277
149
518
122
118
34
297
245
252
431
508
345
108
1205
251
1128
164
560
171
243
520
768
249
1095
526
192
46
677
98
1717
61
111
249
357
253
53
168
241
281
2164
951
113
108
267
152
113
172
40
4307
506
258
222
1166
58
1108
103
351
1471
210
262
101
272
152
135
235
236
336
47
92
15
399
470
270
120
255
170
176
151
182
79
50
168
342
1255
859
462
356
202
791
261
106
204
163
260
1006
176
243
203
46
215
132
490
92
136
840
427
18
998
358
14
348
88
290
1325
1281
635
212
82
483
400
408
68
68
415
186
275
1236
221
100
292
193
55
199
59
187
58
848
1885
92
232
87
490
387
229
158
110
56
1020
871
92
55
898
103
225
71
150
338
90
105
263
353
279
165
421
629
313
97
1878
93
614
83
224
101
158
2546
263
2097
168
96
1358
100
425
222
757
105
135
254
1066
274
64
377
29
793
148
462
161
415
372
169
632
118
13
1602
1255
870
217
270
398
252
106
2550
30
372
1386
273
72
351
73
259
299
3057
79
79
1468
76
46
92
130
11
95
1056
14
163
75
1059
137
1024
3317
303
177
322
1139
96
11
326
167
161
676
546
7
184
84
122
20
674
85
433
506
201
296
831
271
122
209
95
357
557
692
200
138
75
2147
789
307
435
46
151
140
136
198
309
25
43
160
152
153
117
397
324
334
193
1129
439
723
123
337
343
221
322
126
484
91
162
1185
127
56
121
129
114
40
94
116
186
373
176
262
330
130
140
364
848
324
75
149
151
205
349
1781
162
921
839
271
78
140
564
555
25
132
97
48
120
330
353
158
659
459
57
131
93
1264
293
482
50
205
361
264
252
133
56
74
570
962
426
733
150
110
142
284
52
873
89
132
172
1457
378
81
606
224
687
431
1264
247
781
37
960
103
207
121
583
251
106
971
475
466
148
146
106
1505
284
2470
1210
51
121
134
396
647
1066
383
103
201
121
633
2
1738
59
226
1046
71
488
667
72
1872
93
271
659
259
148
115
229
136
8
156
263
131
117
15
115
372
400
1017
317
725
423
476
140
989
123
497
578
140
125
56
270
41
73
8
986
288
436
695
364
85
1104
109
827
72
420
25
1006
51
41
430
543
1934
180
28
1197
61
66
707
223
977
157
126
95
297
537
1915
118
74
546
252
12
312
17
941
3051
209
612
80
142
373
376
260
973
74
1275
111
96
145
1560
3420
1062
105
85
92
860
312
535
494
126
448
200
36
164
1400
113
972
61
761
130
557
240
131
80
38
127
73
21
439
368
56
260
520
618
82
849
242
320
1276
629
111
162
495
158
1188
2536
152
103
420
1944
92
1028
272
1016
118
2128
343
230
315
149
854
340
43
102
163
228
749
44
293
255
101
276
531
191
101
134
239
121
192
83
147
549
132
172
303
180
847
65
745
616
503
346
77
19
703
1537
75
48
212
542
300
123
69
504
1131
90
883
979
71
57
38
191
19
983
1030
73
274
1069
1637
58
262
133
558
76
103
148
393
9
262
219
3457
5
350
137
161
136
347
225
423
75
353
1505
73
70
310
1052
1937
170
539
298
126
83
183
72
1017
229
92
1681
141
105
216
173
48
210
2877
266
200
146
54
1062
251
347
250
925
52
102
152
413
220
226
84
150
319
70
235
441
89
263
1496
277
1713
189
206
81
791
371
134
139
110
1016
688
1084
354
1236
21
166
113
191
272
116
264
1019
75
151
109
102
144
382
51
11
187
124
449
158
593
829
293
628
57
327
407
827
42
287
444
135
584
29
82
63
69
146
485
1796
288
1162
97
17
92
480
441
107
114
81
136
120
75
106
36
122
1702
1185
126
290
477
683
688
363
660
327
90
130
178
108
187
319
292
72
1123
122
187
360
660
116
301
688
565
1775
111
76
221
179
1546
9
466
59
335
96
558
233
1308
548
1017
108
106
1402
111
403
75
805
747
95
565
428
624
1032
399
355
128
225
115
181
1154
169
432
1071
1179
319
855
741
80
87
250
934
188
309
360
345
199
240
147
752
693
784
254
1207
120
1414
82
348
308
244
151
546
472
375
798
180
973
740
486
762
89
364
258
342
428
430
155
1007
2159
134
872
58
72
75
339
124
39
87
465
232
67
1591
182
153
509
116
183
203
175
278
171
142
101
447
170
1267
889
2130
1111
90
1294
804
556
226
300
114
220
621
1567
116
179
257
640
104
270
65
106
413
1438
720
223
330
363
82
64
267
45
302
256
1885
133
27
513
194
11
25
154
227
70
1053
109
230
1553
993
195
313
420
1241
2393
347
313
131
1988
644
668
262
134
69
155
51
260
341
947
59
33
27
121
76
227
13
76
446
46
67
102
115
8
8
151
430
405
504
1003
113
81
407
367
542
510
134
26
265
213
1541
4
916
42
63
611
152
362
835
760
177
488
1164
157
31
439
215
258
337
154
282
473
359
68
913
162
920
198
327
24
110
754
804
115
913
43
103
64
192
341
207
20
1034
117
1727
259
17
1935
184
471
348
61
93
357
70
358
485
403
464
347
126
144
86
1811
31
341
217
435
90
112
222
106
195
105
1047
517
203
249
147
137
367
559
721
683
167
333
251
217
607
240
303
314
108
235
19
1173
192
353
550
9
1647
296
735
677
2290
304
163
1249
413
55
9
154
70
132
894
266
152
171
2104
168
83
108
106
915
1904
117
16
71
82
103
207
687
152
109
1825
1150
84
0
1198
381
53
18
1410
71
549
131
117
34
164
97
128
93
14
339
31
442
263
892
80
330
96
280
154
504
116
199
434
243
277
161
1095
531
633
421
739
410
83
2704
489
1709
153
203
211
2043
527
23
177
154
86
83
104
897
32
22
93
125
16
155
354
335
747
162
121
1223
253
105
37
63
551
189
1958
549
848
554
79
60
258
200
16
1073
2293
107
113
52
72
53
1120
326
773
16
108
576
868
10
38
41
239
143
856
110
299
994
436
233
234
965
190
293
115
59
134
443
5
177
736
182
63
58
287
121
490
270
177
1147
444
1505
119
104
350
12
627
215
159
149
85
478
245
45
238
90
70
199
285
161
623
117
158
247
386
294
605
257
1570
341
95
788
19
459
461
73
88
52
134
234
168
296
306
161
148
541
677
159
1237
422
84
1527
201
409
593
83
303
119
876
69
159
71
637
196
167
930
308
121
122
1001
79
7
716
156
1730
208
120
354
635
540
55
37
232
62
520
139
292
3084
11
622
418
158
283
101
598
654
1016
140
120
109
6
67
2
160
441
127
102
234
125
130
79
122
1355
74
89
222
85
7
410
62
139
72
42
177
68
57
1459
93
423
1893
308
422
552
210
140
129
359
1068
658
42
261
233
2176
431
5
789
281
74
1980
288
320
394
617
15
474
46
159
308
565
73
328
568
65
226
2906
23
72
895
154
117
168
433
8
94
176
592
351
871
933
310
111
461
96
1134
308
174
296
433
444
64
755
446
115
167
123
13
54
122
905
196
101
309
100
268
459
614
1526
99
982
79
111
298
1027
638
90
640
318
129
141
834
163
535
1444
631
47
274
447
402
1991
564
97
309
107
237
113
52
659
440
39
761
575
1855
323
509
403
701
141
25
64
1425
108
148
433
56
738
240
61
276
3110
321
90
174
423
113
82
410
96
331
303
1786
84
44
5
63
447
821
2263
408
332
252
232
73
467
299
1391
135
25
86
84
127
215
239
119
1301
383
431
90
169
1160
789
46
1254
87
693
119
537
153
1108
61
968
119
324
82
339
48
1190
321
565
351
165
150
466
520
548
172
18
89
110
741
178
2056
95
1429
450
383
205
105
80
1421
72
388
1797
134
102
1460
6
126
742
221
971
412
227
4451
304
348
190
46
1277
210
503
74
1160
95
124
947
5
54
282
9
365
93
62
540
323
172
130
835
669
77
299
95
315
136
68
151
50
206
70
1004
99
472
329
139
260
1087
19
57
154
209
84
794
47
203
1004
155
161
1093
330
93
176
127
1133
276
56
325
489
102
237
81
55
118
1001
259
108
158
90
458
919
3
90
122
293
1629
258
153
44
108
160
114
331
1368
1165
79
195
175
174
76
626
338
57
1164
518
143
96
67
1333
54
29
571
184
456
674
424
219
62
1310
271
62
203
2522
468
18
499
254
318
61
1893
1049
96
147
382
609
37
308
598
398
18
248
101
84
136
814
63
66
1810
136
69
796
1540
94
234
134
43
69
1890
85
278
231
267
316
607
611
15
399
67
1027
298
217
301
310
890
392
54
1283
491
431
67
81
193
194
383
902
181
1596
699
262
250
155
2578
439
98
144
281
802
72
1270
405
77
46
37
89
394
93
59
25
1077
220
819
519
79
116
1403
365
330
73
422
283
1537
63
1315
995
730
84
23
1146
61
682
89
436
559
299
162
480
1320
83
349
698
1067
308
387
188
813
684
673
1249
674
146
75
190
1512
320
1267
910
1045
811
106
339
7
124
88
69
3011
1136
644
783
188
1771
290
374
1523
91
135
79
60
80
400
153
93
8
59
495
319
522
91
272
2207
424
84
128
90
251
217
203
458
1770
203
323
577
96
49
159
70
139
69
737
355
326
146
86
122
312
1385
942
105
449
1699
407
238
111
941
1323
410
432
327
71
154
98
94
330
1481
150
151
277
258
361
98
125
851
139
51
2838
206
291
203
88
139
78
748
93
514
854
63
106
129
50
84
35
639
1224
26
93
207
770
1443
480
130
94
227
384
1159
70
1066
289
874
587
241
188
55
619
1298
287
161
123
34
87
157
111
69
85
99
275
70
584
68
535
223
710
414
211
179
165
186
83
1027
1310
1088
7
185
318
61
246
250
179
554
871
215
122
159
69
379
119
268
537
123
433
64
1107
467
335
60
17
9
421
167
140
369
164
275
180
210
791
2369
115
18
213
147
71
254
252
278
148
111
2783
74
312
162
1021
99
849
279
125
611
289
1120
451
15
38
562
251
343
190
696
106
302
289
296
1234
350
413
87
45
171
1285
135
379
990
606
79
7
1024
830
73
749
133
82
1019
546
385
83
282
45
770
127
111
315
73
762
482
542
306
328
33
910
86
514
58
276
1386
343
244
647
130
83
1413
83
219
413
956
101
359
74
18
1737
704
2614
100
398
293
70
435
77
436
532
253
1702
464
103
20
330
592
162
56
292
577
165
543
390
115
434
300
205
1326
78
207
762
108
243
11
328
145
60
909
2176
138
265
269
1525
2237
358
37
46
846
773
260
7
114
186
350
87
528
103
148
197
100
320
947
334
917
226
211
81
55
105
128
286
170
127
544
13
845
83
234
777
147
110
730
636
58
282
18
149
1391
34
136
945
115
73
162
44
458
38
2365
363
51
1174
2521
411
108
437
872
144
345
1830
119
1097
290
512
100
391
507
469
324
518
66
79
99
391
218
321
91
920
274
115
144
170
145
109
66
170
599
548
134
941
73
64
218
1182
1318
67
869
839
147
95
172
363
1112
556
53
535
429
972
2068
88
619
369
285
2384
96
473
175
269
268
1109
424
112
337
66
531
298
887
155
463
1025
321
410
82
1877
275
680
277
302
193
725
234
16
67
1526
50
26
567
321
97
383
59
2507
122
576
1024
476
1098
36
385
109
38
24
90
1315
380
401
888
230
165
374
177
83
404
121
600
1654
285
842
358
102
126
423
125
175
644
450
330
1666
504
580
337
738
593
484
725
239
54
583
55
114
44
814
454
292
1484
227
1523
820
757
541
63
112
130
165
125
103
114
968
93
384
120
109
293
100
133
49
90
134
321
1000
159
182
95
86
287
167
133
66
49
510
255
180
491
24
1129
1155
131
189
592
157
420
513
1484
352
1462
168
552
464
66
225
450
54
115
324
218
396
1298
472
185
412
142
751
647
63
329
207
217
608
457
494
82
206
525
119
167
67
1120
478
1080
655
153
137
95
101
23
175
299
380
229
89
92
640
344
830
94
288
883
264
67
207
676
1000
87
49
75
271
832
383
189
90
3058
1059
340
92
64
150
1065
261
407
472
929
258
154
791
190
734
172
49
257
381
77
403
225
456
291
1217
197
341
13
1801
105
142
252
323
51
158
623
755
147
437
838
69
318
320
273
131
71
620
129
151
1294
724
1641
78
117
275
1432
1627
139
63
56
110
554
207
148
146
181
527
166
736
103
414
176
443
447
12
149
124
84
130
2221
83
325
992
1330
96
896
84
144
532
173
640
114
578
126
232
635
558
896
386
122
219
130
21
363
164
200
224
177
170
93
195
332
271
250
1544
277
206
892
61
385
228
597
177
521
95
375
106
62
251
314
299
617
234
298
1302
137
113
70
321
111
171
150
114
476
1201
20
70
1349
928
165
194
219
74
292
494
75
83
89
120
1054
89
766
431
186
36
601
240
587
195
610
199
98
86
276
176
398
117
126
2942
302
89
238
1035
1215
130
66
534
11
507
449
414
102
384
232
523
13
419
78
395
78
1430
1876
60
84
97
1876
59
188
241
38
425
96
208
462
238
435
291
252
77
731
281
1045
158
130
111
303
170
962
99
168
71
83
989
83
178
58
67
643
540
1097
542
289
408
124
376
2682
331
86
103
102
171
410
77
72
215
74
70
87
96
148
362
484
90
355
454
979
1212
595
784
237
393
96
944
2228
452
289
98
223
2503
228
323
380
369
134
354
129
472
732
99
215
359
385
114
59
142
903
435
580
351
576
237
1349
187
129
56
224
80
87
11
111
324
209
74
831
530
56
161
94
410
132
233
139
139
319
3284
92
277
193
452
503
199
1181
160
402
704
2218
123
208
689
42
343
706
75
181
454
824
58
95
650
57
204
130
44
82
31
148
111
160
151
319
240
308
100
954
143
392
405
87
158
1358
115
469
124
913
421
114
280
122
233
125
279
122
13
2870
175
123
817
58
213
1246
2900
134
425
456
533
197
877
978
28
52
71
114
820
660
993
61
97
169
772
2529
277
67
17
508
62
47
182
341
113
703
273
2436
528
143
161
354
157
65
1244
293
258
89
875
39
544
16
210
69
92
107
1558
190
311
266
143
437
679
169
52
136
241
92
124
1435
337
534
3720
1390
627
2627
247
1275
252
32
85
68
627
464
128
352
459
117
83
566
116
1343
143
1648
225
622
266
186
294
552
260
8
259
16
1855
22
415
92
120
74
206
267
84
186
337
7
2560
268
420
76
231
222
458
151
235
128
700
83
60
1134
411
857
74
114
124
198
1991
97
111
51
57
1034
717
864
387
67
169
161
93
302
215
301
488
70
497
544
1254
71
114
914
110
217
123
1004
291
1623
265
180
161
73
609
86
319
2802
851
27
606
269
216
15
152
313
1041
53
479
81
50
1105
291
118
1758
23
143
183
94
312
233
274
790
101
230
950
13
339
78
319
1056
221
1324
1376
235
2069
95
1294
593
300
59
605
68
101
667
1405
283
167
69
537
928
306
198
59
994
556
1024
137
346
96
87
278
2
65
459
82
1129
96
812
220
76
305
54
432
427
234
928
1191
1026
322
29
117
2651
659
113
477
459
158
542
439
64
162
123
367
827
92
467
162
130
388
153
870
93
122
377
1621
191
875
99
94
68
840
41
162
7
128
708
313
822
108
134
89
944
398
422
367
87
50
265
694
2864
935
64
39
291
618
17
409
113
84
334
262
20
256
62
51
63
152
30
265
210
9
387
77
100
209
59
1136
581
278
860
179
1368
592
770
420
517
740
998
388
640
360
1739
147
106
788
127
2233
244
127
308
149
2472
1295
276
140
1197
141
25
160
195
102
92
180
1388
422
73
862
258
74
62
499
1264
93
60
275
88
1186
1576
394
387
326
287
1353
716
11
113
226
342
38
677
160
956
126
740
74
1106
572
99
91
474
448
362
4797
544
254
410
224
56
267
127
275
2208
459
153
1256
419
136
12
542
95
78
115
1568
570
80
22
71
105
1154
796
458
362
1054
73
103
462
354
303
636
219
317
193
44
1573
220
80
333
303
244
67
119
118
146
156
621
85
164
134
406
1873
76
84
1234
1546
923
437
258
335
89
825
397
104
450
110
74
278
129
105
296
76
462
703
174
105
131
971
1591
94
34
337
529
1280
1043
461
31
1043
460
214
80
71
124
43
159
630
15
337
117
416
11
520
124
869
332
76
679
320
64
177
117
368
2131
386
91
102
2259
105
900
1103
320
89
106
657
191
187
782
376
126
1237
143
311
862
87
1235
319
19
144
400
74
2547
3259
1503
253
60
1186
93
90
662
413
479
177
82
89
1114
718
1220
64
390
38
93
242
1249
4
187
69
132
1029
409
211
87
225
321
62
87
146
618
644
549
1204
2530
436
131
145
721
1730
194
492
140
1575
524
148
22
126
14
359
324
122
723
2233
804
93
383
161
2059
183
15
125
75
2563
575
422
1151
375
227
103
60
172
219
222
228
144
1032
233
643
94
141
2588
333
91
22
1171
195
413
1797
123
269
102
284
183
996
513
324
238
200
365
232
232
355
136
150
503
94
54
422
135
2128
98
287
241
126
66
184
338
211
324
336
247
474
144
2071
66
647
377
118
109
1012
382
906
867
153
165
217
286
260
293
105
424
686
612
355
951
43
147
24
1488
133
329
307
840
53
1223
121
369
397
465
265
115
462
1274
1532
81
1082
1337
267
195
137
143
1003
1091
257
300
79
773
237
373
266
372
95
121
463
115
40
84
286
152
147
846
1668
45
503
304
151
53
1736
749
307
87
122
859
17
446
765
1894
382
324
289
94
116
309
330
166
130
72
114
627
327
163
189
112
299
159
303
598
102
66
325
114
70
201
83
294
124
401
253
100
388
223
507
8
876
134
351
1544
1132
346
1812
433
118
471
254
148
78
155
233
225
333
64
39
820
70
97
453
512
128
907
331
164
14
97
95
117
287
73
435
104
166
126
106
166
481
1896
508
84
302
81
958
272
185
14
1789
151
147
130
486
546
72
158
57
145
699
179
78
64
148
138
345
424
1118
60
991
678
67
77
721
63
15
267
88
154
72
254
113
219
1253
466
87
1745
62
1738
5
73
110
919
394
91
128
1709
380
59
2044
155
153
145
163
260
1253
415
86
6
146
102
404
460
556
64
895
97
12
100
2
210
1496
340
546
36
247
409
308
869
84
1370
560
17
658
126
302
520
441
435
1530
669
675
269
77
122
831
164
120
329
847
55
2026
316
187
301
411
353
328
566
69
175
67
261
541
343
526
701
256
68
439
67
788
537
40
49
90
97
204
1671
462
465
347
351
149
40
78
13
156
572
1253
711
204
56
68
349
613
374
786
66
27
502
383
361
349
143
127
332
429
960
1187
245
139
121
481
647
299
165
82
89
247
1559
140
169
151
550
306
73
40
489
418
404
167
267
1146
359
1728
146
643
125
375
71
240
36
55
193
582
619
259
62
152
127
644
128
1082
685
1094
58
221
76
143
222
52
111
326
412
771
333
1042
194
126
908
188
469
56
192
213
1514
407
1287
43
451
247
104
1819
401
236
239
8
290
226
180
59
118
708
401
75
311
102
132
63
789
343
364
18
410
559
303
1052
356
102
115
98
159
149
115
76
533
135
356
404
242
112
62
276
1511
537
663
70
410
747
13
97
790
76
84
1119
144
108
615
318
100
285
179
97
59
383
1104
176
312
312
161
55
1063
84
1311
923
371
268
256
315
1348
418
384
992
398
108
207
95
211
78
173
828
75
267
261
916
96
19
465
868
30
1405
59
186
240
610
355
100
222
809
79
285
320
324
128
339
1868
338
93
354
68
43
171
275
211
68
1135
80
565
1318
318
140
65
106
102
56
114
6
500
323
279
215
307
178
271
73
362
104
268
1201
227
120
1407
473
220
122
566
2429
121
542
301
242
139
360
297
121
135
19
375
237
848
44
90
277
138
98
151
254
410
1502
852
126
73
614
88
204
2676
1313
565
514
97
82
895
71
152
472
278
73
465
774
428
56
89
117
297
820
476
662
117
14
174
259
295
293
712
142
115
408
84
347
62
717
1707
65
248
20
84
183
105
1016
620
128
495
81
1372
220
572
92
37
808
88
306
217
1061
96
1039
189
445
237
2390
6
96
1023
1099
834
7
116
122
41
356
104
142
318
603
1549
742
11
926
29
622
1134
331
555
658
240
388
34
150
134
69
506
150
233
168
312
195
94
863
236
87
206
280
241
81
217
409
150
139
378
366
107
1343
300
305
107
217
677
494
1522
142
438
68
429
473
147
57
66
210
247
128
103
1236
215
108
50
321
478
371
806
244
97
952
186
396
1289
1703
1006
513
1557
225
75
127
277
411
275
234
533
978
339
70
344
613
20
76
306
71
719
126
165
30
92
612
673
122
519
839
20
2495
1445
583
366
187
1053
945
110
53
302
56
370
1639
154
17
333
408
273
1160
243
1062
120
438
258
85
143
93
150
113
295
100
6
202
218
1145
137
1073
869
957
1932
189
117
731
984
110
101
1369
151
88
249
652
287
884
788
100
145
150
521
58
192
385
543
862
609
826
48
1126
494
69
2314
348
100
451
100
106
1555
288
66
116
295
41
34
153
906
44
555
82
153
61
83
118
86
699
372
396
344
88
221
1036
1969
67
440
32
345
179
581
631
569
603
98
27
98
324
458
586
48
276
346
142
236
20
54
51
293
144
278
104
134
277
252
288
324
430
194
449
2236
58
35
171
388
134
520
70
108
371
363
110
498
530
415
225
197
99
546
148
429
174
378
378
197
94
917
97
304
1122
548
295
85
100
425
631
121
24
177
709
888
182
410
401
1963
563
939
1324
37
592
933
357
23
71
292
102
225
241
756
950
168
10
63
651
574
2684
699
49
123
236
245
75
457
449
124
442
49
789
1072
221
694
409
1136
84
137
407
30
1098
174
87
20
166
509
48
105
295
93
1058
1046
154
88
860
9
86
147
440
258
2725
79
50
251
406
294
288
40
395
116
1220
551
97
69
56
138
528
573
455
101
103
559
708
441
41
443
114
344
37
131
275
194
116
220
662
1421
115
275
413
75
252
104
59
584
84
719
75
39
68
148
82
67
28
3148
240
75
107
106
513
250
290
75
1231
178
594
415
77
79
423
124
900
436
171
99
57
12
588
308
321
81
123
166
814
111
297
176
43
176
272
2690
118
399
393
114
412
297
15
2266
59
734
137
575
34
101
312
1464
3
268
137
487
296
447
470
173
22
999
363
1158
60
821
142
155
113
266
85
693
362
560
645
105
325
94
761
320
343
355
102
127
106
480
68
214
204
105
818
67
991
295
1248
314
37
2109
498
161
448
4
140
264
12
406
32
785
636
323
632
2321
89
527
128
1696
27
385
64
103
242
1311
668
1468
2265
1770
1068
1429
714
1176
509
2564
576
576
575
624
142
302
61
134
321
59
549
85
89
381
744
201
133
299
451
145
1312
173
208
346
27
64
83
448
113
360
128
1664
1743
833
106
209
109
481
103
1011
34
100
1523
461
132
9
1597
405
291
563
65
141
215
336
151
471
220
89
431
388
1690
177
27
276
9
934
215
932
236
123
305
135
45
98
1805
138
31
308
106
430
332
54
57
94
61
129
329
117
114
1874
543
174
62
88
879
241
136
1358
43
58
619
1540
370
33
350
587
918
186
81
210
389
61
233
972
1065
291
935
832
7
310
580
205
108
630
300
1063
402
88
310
844
91
105
119
104
241
1500
3
3710
219
823
71
77
4
405
442
117
1383
549
93
1735
596
325
59
1412
387
78
59
356
894
127
1348
848
2936
335
252
39
471
401
57
709
624
453
157
44
127
1156
271
79
1223
496
246
507
679
725
382
861
560
355
667
60
311
211
61
84
15
403
123
132
141
58
144
815
216
57
1436
2347
127
609
319
231
142
285
79
206
87
193
55
280
614
85
31
771
882
15
321
245
490
127
199
401
638
447
112
935
166
47
1019
624
1014
13
228
543
82
300
74
239
1359
785
86
239
289
300
820
193
135
653
1
117
166
79
99
406
321
85
213
431
1095
140
519
398
271
567
186
8
575
114
304
92
140
147
971
709
428
1074
139
1731
429
716
161
168
147
339
346
37
262
1110
667
146
1258
114
110
933
1329
295
339
382
7
71
122
1001
286
69
9
269
105
40
81
807
107
222
105
1140
314
285
36
463
317
261
672
92
271
44
438
1129
1858
12
101
49
425
210
177
2167
207
383
160
69
391
1482
263
599
9
345
1356
119
888
1941
7
104
27
740
349
393
112
1252
369
157
732
1284
331
1503
164
88
1334
390
510
432
21
59
144
79
33
328
857
137
39
357
89
173
138
1087
326
1437
163
133
202
80
103
57
668
26
153
108
925
541
761
449
188
238
1381
408
142
1347
710
274
1299
340
249
685
104
152
398
83
1338
261
781
192
60
248
42
628
451
1375
121
319
123
170
90
254
236
372
420
74
254
60
424
198
260
72
448
350
100
190
111
761
47
347
613
879
46
63
1176
1797
45
166
67
1134
210
126
127
333
282
102
515
347
595
290
162
875
57
355
76
149
63
89
906
159
2056
252
326
421
257
2142
229
214
332
228
182
315
66
244
101
62
346
123
85
109
899
400
271
17
37
656
130
17
216
176
207
732
394
659
99
73
183
262
393
486
29
100
171
87
77
586
75
299
255
408
607
518
509
1695
124
12
158
243
47
280
1621
116
528
36
313
426
913
381
338
107
472
522
251
63
211
72
339
130
156
161
8
174
1167
433
56
171
330
285
443
118
87
1677
326
446
496
139
327
1245
196
150
77
183
95
155
52
74
255
84
350
488
243
351
208
193
96
454
447
54
249
426
183
5
382
32
118
105
67
64
3
845
135
354
151
126
1176
267
183
1212
125
235
358
234
1190
828
243
175
128
231
23
165
28
396
980
720
2065
409
154
749
7
861
140
70
203
135
369
242
10
228
4808
61
82
115
84
725
621
196
111
209
1538
529
291
670
1130
144
140
1035
931
294
241
130
105
146
359
371
65
1713
66
347
149
330
72
229
79
376
333
655
174
67
112
1091
86
54
269
82
73
76
111
52
185
1913
1064
338
74
330
97
663
176
968
116
2157
804
500
1902
179
94
1950
307
550
381
143
1856
301
107
366
395
3237
287
1029
2228
463
1625
649
992
211
161
596
467
306
75
834
171
473
18
272
218
508
89
330
99
469
591
849
1655
65
141
574
1066
370
772
215
516
325
264
145
128
39
265
235
164
93
16
212
96
1039
113
1100
107
938
42
84
150
1082
328
1134
347
774
439
115
1408
204
361
68
130
298
1037
492
136
107
51
86
125
404
250
258
441
289
17
686
298
320
216
245
325
437
17
59
212
243
115
517
357
149
627
93
137
205
101
21
708
382
493
512
83
871
760
51
29
342
459
93
308
494
222
493
104
54
606
183
477
311
1627
981
960
274
181
244
427
1141
12
431
611
829
56
220
7
201
54
404
1172
12
341
888
197
686
27
748
578
122
86
93
810
21
631
1247
141
26
128
553
109
1253
153
293
226
114
264
263
445
317
111
732
2142
184
94
97
345
176
142
15
264
372
243
224
68
94
15
46
83
748
100
136
265
143
631
98
266
345
166
302
73
56
657
240
109
681
103
92
190
354
316
153
191
478
54
35
73
283
94
467
216
1165
855
88
296
2603
172
640
354
641
537
570
179
421
165
1425
276
482
1078
391
1970
109
14
163
244
7
335
107
78
1300
144
1069
1241
69
248
83
53
199
860
34
563
294
1130
1352
823
49
403
2191
1758
542
143
1420
46
102
82
220
326
110
332
82
1020
286
1987
200
110
1062
541
57
238
723
494
405
270
569
944
205
331
843
509
346
125
126
46
444
192
1358
461
1857
212
95
404
458
115
402
105
153
92
124
400
82
1153
162
104
605
120
24
98
95
99
92
166
115
179
214
586
315
408
336
82
201
492
19
97
439
72
207
335
2191
401
290
214
276
243
7
154
829
186
91
372
31
362
895
122
121
220
966
823
129
98
447
1102
1239
1325
630
74
1378
349
297
111
293
532
152
244
441
159
112
92
149
143
1551
529
2541
315
945
2552
785
130
68
28
181
1324
101
256
284
1006
288
348
1144
751
115
441
254
1228
719
495
778
103
742
492
562
115
24
216
270
114
1013
84
134
888
1497
548
1311
2568
114
328
745
131
257
78
209
142
77
290
483
271
175
275
315
61
477
951
545
287
193
320
197
418
1071
51
66
187
74
228
184
596
107
1388
121
1322
315
63
1438
1075
2784
561
1341
139
256
111
391
289
68
415
157
179
206
281
104
215
114
254
540
480
91
389
886
338
590
2081
24
434
383
335
214
120
110
507
1090
87
1559
200
360
62
1
695
131
49
89
747
93
99
70
15
654
250
104
148
262
401
35
128
1250
60
13
291
91
63
1327
5
382
409
129
205
372
249
1665
94
127
160
78
349
77
231
760
615
182
155
1436
160
51
2167
107
59
701
116
40
162
139
119
174
238
228
90
161
410
115
326
471
144
68
312
87
2029
875
476
333
2003
42
31
109
1419
75
14
1140
66
89
108
482
168
794
1017
2783
119
67
181
1030
677
182
450
473
237
136
878
469
1470
77
184
197
433
51
866
233
82
133
83
1654
1301
1334
178
86
252
405
133
460
148
124
177
118
400
41
178
783
54
41
206
60
1117
1203
483
204
10
166
97
188
564
300
250
425
89
254
106
222
379
335
104
62
209
144
2567
109
11
323
242
1468
122
160
724
72
690
113
1257
1609
483
234
127
1129
394
1579
587
153
137
366
348
491
738
1024
1763
369
159
60
93
173
158
269
165
574
390
199
68
2222
412
70
317
721
86
1337
109
584
5
590
114
94
1012
139
533
284
250
274
12
158
404
99
48
1094
628
235
309
281
183
204
74
315
605
112
116
1613
90
2459
518
147
52
65
153
95
308
75
823
89
339
330
71
284
2129
2178
263
178
62
259
165
581
794
751
81
94
241
309
22
563
328
725
155
169
205
46
1560
163
729
39
124
539
406
495
230
117
328
841
79
156
589
335
621
204
374
213
194
182
296
517
1206
1097
37
20
486
205
108
119
75
63
239
520
71
1177
431
217
222
134
217
81
86
1648
83
1295
1355
126
357
10
68
317
468
1136
314
159
83
1495
744
171
223
1609
1599
102
268
374
218
50
394
500
643
256
175
110
44
259
927
377
253
140
132
439
50
882
109
281
955
224
72
107
460
184
105
413
217
17
298
114
64
963
262
68
71
86
42
1421
161
141
2442
115
223
451
240
312
92
150
1495
742
125
468
187
214
1208
434
317
154
383
80
385
441
54
74
68
54
1446
11
209
36
214
209
228
242
137
138
37
267
1185
77
157
593
62
138
113
62
174
127
1060
1738
84
385
254
222
815
181
267
57
2080
299
212
234
693
303
122
150
29
169
201
131
27
1049
349
101
65
96
157
262
317
1084
88
622
497
150
204
425
802
330
81
417
1493
27
536
707
350
155
52
688
91
180
684
65
361
1374
53
137
329
135
31
65
2048
3473
269
132
143
109
109
120
422
844
19
80
340
360
158
129
1177
125
77
649
921
354
1070
381
19
227
331
248
96
5
238
435
1172
243
917
108
255
80
590
548
232
116
39
53
670
356
463
979
71
9
1123
183
38
139
133
192
835
2049
100
98
552
241
135
149
73
162
247
117
68
500
42
126
366
210
262
1623
1660
267
475
224
106
1957
233
1561
1132
541
697
112
752
107
52
224
30
561
152
1066
2266
1442
165
399
156
153
1790
366
432
488
2429
155
82
268
169
358
40
317
213
1156
53
359
194
960
241
410
91
79
63
80
555
278
170
566
72
1042
426
143
337
405
104
356
1790
77
458
328
2378
336
1789
207
2206
164
131
77
65
91
658
400
811
91
97
227
679
194
72
286
446
54
190
174
637
336
349
247
393
219
222
153
1631
678
104
414
125
102
1019
587
1400
2004
185
1015
438
233
330
427
73
1096
509
238
413
560
251
137
614
481
341
108
183
917
106
64
84
1056
361
526
224
166
886
6
145
460
186
383
691
1355
216
177
44
222
288
344
300
81
194
2110
563
543
84
434
110
751
1393
507
28
317
595
495
59
226
140
152
579
1031
961
684
156
396
228
63
66
300
669
400
101
691
419
1075
24
482
800
207
289
169
328
373
572
714
73
364
81
259
353
173
94
11
345
429
1705
280
113
608
436
180
307
370
631
322
588
8
621
39
479
55
102
96
380
134
121
872
209
378
372
1128
401
736
70
629
1172
181
525
181
1345
405
446
149
822
244
281
80
2755
965
14
263
437
458
89
68
142
81
455
20
449
239
566
268
381
33
113
299
201
1800
128
156
53
1308
57
416
105
427
99
106
178
248
143
92
1742
854
653
172
98
1864
41
399
39
472
309
411
239
312
360
9
471
423
93
433
0
254
343
522
45
207
1690
205
612
403
303
2172
2356
405
641
247
65
76
393
1185
459
1184
362
143
163
67
161
680
111
256
987
329
253
116
2670
23
283
498
178
548
129
135
144
190
136
1160
138
188
263
192
698
131
162
158
107
96
84
1555
873
495
201
163
2183
273
529
507
727
262
831
100
557
1617
65
145
418
53
953
291
111
334
1586
266
166
860
390
181
169
200
1521
188
1727
470
60
111
159
98
129
21
934
191
273
4062
153
11
614
902
438
775
2229
26
392
31
100
227
357
478
1064
80
1626
325
1203
190
719
197
56
1511
402
3272
623
186
1406
547
34
1049
782
514
357
237
2045
123
302
276
9
154
72
989
179
114
397
837
808
144
216
1875
170
32
79
414
224
219
247
227
265
228
1951
111
75
1
202
709
117
191
658
80
1067
223
226
376
156
590
109
233
469
276
298
421
441
35
113
2134
50
628
335
13
271
97
88
231
193
251
2675
122
1222
254
226
121
580
95
269
58
1690
1867
96
551
109
109
175
70
606
584
19
241
193
178
64
2015
931
483
127
285
171
814
329
1152
404
1235
394
230
491
335
170
95
383
1064
312
467
1137
67
142
1327
116
231
85
249
116
335
312
58
434
234
101
455
1364
248
61
63
230
565
218
156
361
2988
127
72
405
1034
85
322
102
140
5
129
272
83
119
487
144
773
215
218
121
866
219
131
521
1990
3
242
94
284
987
17
266
315
699
1092
931
41
453
371
495
73
70
288
125
452
1999
145
3113
81
265
363
233
671
135
80
158
934
724
929
565
84
388
223
48
430
237
181
640
113
431
84
212
397
886
95
217
409
108
1056
138
1052
19
124
285
267
117
98
427
933
698
831
122
58
66
71
372
145
49
28
1339
338
206
217
1078
95
125
971
243
162
1174
655
337
154
239
235
87
165
370
134
898
155
90
53
213
145
829
275
6
11
90
174
100
51
458
49
269
71
724
104
613
13
181
136
62
219
145
93
105
88
959
118
234
1116
289
356
124
332
539
85
132
715
82
3606
108
184
773
10
583
187
496
64
264
58
89
217
420
479
1703
24
10
257
97
842
482
642
117
422
951
73
321
30
262
477
382
47
1160
64
605
193
67
54
1784
52
225
77
237
123
20
193
409
550
199
1711
168
10
133
46
288
111
331
585
145
459
470
140
458
504
1304
185
1110
973
488
162
60
156
258
104
186
44
388
118
1387
352
211
415
38
537
133
348
120
268
937
754
344
989
1497
810
104
15
707
255
202
1669
56
122
147
3
130
135
203
663
311
304
313
394
2003
119
281
84
70
293
117
79
93
1029
55
431
62
103
19
135
445
293
115
648
294
117
498
105
157
163
819
99
144
496
1432
100
142
1201
312
2718
211
655
313
367
101
418
332
927
228
346
115
251
335
769
179
117
472
338
51
157
72
37
334
984
566
975
693
772
130
212
563
463
675
84
218
399
91
48
214
131
54
58
133
