407
170
712
946
137
1549
2659
2714
192
334
743
140
852
2438
1077
601
2388
2012
397
648
420
1136
754
878
1053
2774
3531
1700
1020
431
412
3652
1224
864
357
2144
438
497
1916
3926
76
667
601
188
151
1277
1310
693
798
352
741
1695
629
1843
1610
925
697
1177
512
2026
3170
625
1279
96
1344
3748
3650
859
564
618
3617
2014
2452
94
424
967
798
121
1864
3186
761
890
3675
1626
157
459
525
1176
730
353
741
171
678
2894
460
2576
1274
522
1272
810
640
2217
119
896
1885
470
2286
721
1459
1620
1672
2101
295
98
469
1646
587
1863
1159
5227
1306
956
201
665
2601
1294
230
162
564
2206
1602
158
3204
481
688
1367
912
178
133
1854
1698
81
2242
951
1566
317
712
1993
3347
2429
811
590
794
685
709
518
101
1031
605
327
434
775
562
1895
3128
458
1484
3954
735
3166
689
411
726
2390
668
1297
1031
1366
2329
1399
776
965
591
981
4578
1062
72
5168
603
131
2719
2208
368
3081
131
78
1742
380
1231
410
626
1565
714
767
631
2000
698
1172
58
553
1733
987
927
881
878
1640
1860
110
463
1336
484
860
736
2314
360
634
433
739
91
1901
704
2008
926
527
3656
2125
160
432
1358
121
1883
673
459
879
436
3891
450
3739
798
731
2203
174
766
452
2529
553
3603
1654
116
885
1077
2097
2596
2801
190
3233
838
619
715
2395
107
82
857
220
1600
950
465
808
670
798
1741
647
1047
328
6194
1509
2914
897
450
535
1355
530
605
1099
1327
579
1036
2696
635
1514
837
729
2695
555
2636
443
655
522
773
609
714
1009
186
79
1164
2428
700
285
723
814
453
1216
191
2718
4390
589
581
1718
568
1250
1452
218
671
1740
798
622
491
2470
498
639
1146
674
520
935
556
63
738
861
561
1177
807
675
2329
456
793
3419
444
2494
783
1344
1037
608
670
994
2441
4039
1391
127
515
1116
619
831
524
478
2569
667
872
499
449
136
500
627
501
1491
513
117
410
4297
861
543
1598
369
823
341
2623
709
727
561
2621
4159
340
1388
3503
824
75
2056
924
1448
834
941
887
273
639
3389
834
1891
196
1281
733
813
3331
121
665
737
436
1501
2586
792
3809
2028
985
81
1241
3645
892
1446
657
114
2479
2840
922
838
697
1859
687
1929
1838
681
1905
679
2438
2106
578
447
119
1525
511
1927
397
650
3853
382
559
641
3027
454
473
888
92
1477
534
496
560
674
3216
1291
3971
444
2712
428
577
5435
392
710
131
1566
1066
1004
442
1679
397
2196
913
1114
762
58
909
1182
991
2174
599
391
5512
271
2925
212
495
884
850
820
682
766
2839
1950
399
2409
2379
702
812
855
630
634
395
2019
407
492
779
201
668
1654
390
1689
777
2934
1336
629
2274
596
1421
696
152
899
1437
810
2290
175
2148
370
78
543
3798
1273
123
107
2074
775
813
722
1201
130
1388
2827
686
628
596
1078
657
745
668
504
534
139
682
65
86
109
176
1598
517
2310
709
98
910
707
797
2991
777
971
1756
578
1199
1802
387
566
1485
799
1958
1279
1429
4453
1270
1094
70
2856
200
3483
3397
463
831
2726
2748
412
4082
616
410
529
631
4337
2640
1141
792
478
396
732
649
2351
1212
824
544
1250
1825
2262
783
667
576
3473
2133
732
647
839
3069
591
869
365
630
773
939
2996
960
1594
533
1654
138
1096
735
1090
1025
526
2052
1191
247
2053
1185
951
2550
669
563
603
513
4410
1807
1734
4896
1145
800
2937
370
64
1654
561
633
89
1332
624
614
850
400
2743
261
1369
740
477
2061
1794
431
975
524
3468
459
710
846
757
477
1183
392
619
125
519
508
1874
2627
716
681
4623
1434
686
2710
1706
776
103
833
142
1426
870
71
838
218
712
1971
1123
384
122
1325
482
330
819
289
471
659
2726
3885
1363
1557
486
1122
463
491
694
1006
1607
2377
1059
759
1060
107
2296
82
2512
833
3631
738
634
1519
433
955
907
136
2462
1342
101
383
328
1512
744
552
1130
3887
3030
704
617
209
884
595
1066
115
795
2014
650
2875
78
743
820
1440
1954
1246
1122
741
675
2198
2807
1979
445
2787
621
811
2716
250
913
1289
2272
80
826
207
629
2279
1924
982
429
2722
507
1645
490
513
2728
126
475
1869
416
3762
514
1658
409
571
1093
3566
2952
1835
5166
2608
764
1807
622
484
2186
615
1316
696
2013
335
570
672
3971
773
1763
885
1500
3125
504
537
799
521
2808
1641
523
1286
3230
380
1537
758
552
1235
2274
1081
631
3904
149
130
1760
1558
615
1268
91
560
750
1228
307
1131
2899
567
1614
443
155
1362
173
1135
381
526
1007
458
821
65
1298
721
1984
831
3324
682
1968
88
139
996
387
836
1846
3269
590
911
387
922
403
1610
2373
1513
370
600
5002
569
1229
2903
751
386
818
579
1126
1601
432
828
598
638
1142
3053
801
127
1137
1329
1784
2998
1798
676
279
233
502
997
946
419
613
1839
131
1204
862
948
1040
54
848
448
820
99
710
1634
1228
698
1221
1001
1072
1184
1487
239
1662
804
1187
523
1459
108
513
1106
4734
1186
55
1929
125
303
470
442
2518
1348
748
1890
568
2526
498
1970
1350
2822
613
1646
783
1163
498
81
1594
391
527
851
657
1655
548
1461
128
318
331
541
673
4055
1587
1348
737
1841
2544
287
717
98
506
586
2091
562
100
1430
1406
1860
141
730
726
833
931
4375
1298
1478
3533
3747
1133
1642
97
714
2678
357
1168
2589
699
507
808
161
305
3510
98
875
214
4235
1816
1431
1125
138
2377
120
1251
2392
631
1212
778
1225
1432
966
513
887
1444
1168
555
234
1899
1072
80
669
182
88
670
4615
3403
458
132
139
728
912
789
1011
719
721
1735
2534
421
2287
1081
1557
619
1274
982
841
824
737
495
1448
1531
1615
3543
2034
152
1157
1565
1649
431
824
2990
414
1705
566
95
4832
849
2095
761
201
113
719
1354
710
378
434
961
178
104
688
723
2492
3577
179
766
747
1640
607
2460
1931
1511
621
1367
267
798
4667
2553
3195
671
2422
2406
1938
859
1840
743
2844
720
1299
1253
1089
103
803
1966
717
691
738
799
2986
665
2085
398
847
426
1485
352
644
95
729
555
1399
1071
164
791
2938
352
434
569
2012
267
664
522
536
1807
959
1629
658
675
2559
690
954
813
448
912
631
874
2138
1581
365
3351
3907
191
1121
1611
154
1270
2657
910
942
479
400
779
676
4062
615
2603
578
597
1236
192
630
1524
3348
91
672
2993
967
571
677
554
710
527
1700
2605
765
432
467
391
2075
2200
2238
645
507
523
101
2316
921
866
669
390
4350
402
881
460
1866
175
4657
2619
1454
4349
839
664
2574
672
1736
268
809
802
630
480
2055
71
497
443
546
2101
1292
659
2997
763
843
628
818
1257
670
2037
2293
1042
2387
2852
742
456
123
890
1703
696
1495
1107
159
712
646
136
639
692
1149
682
1718
753
516
4061
4880
1924
1364
1683
692
473
617
1936
716
715
805
114
736
1277
699
154
145
502
542
2515
3128
2694
794
365
997
798
798
616
1827
3704
1174
2066
658
1112
135
689
705
835
3475
687
577
684
627
714
1373
2024
794
1285
432
125
3347
1003
703
431
564
1286
2706
821
120
418
473
2112
861
1023
1361
1756
713
721
1511
641
2633
578
3395
373
1712
1385
547
219
1023
688
1049
439
397
3491
546
371
218
2363
757
2953
3745
526
1213
3563
1741
635
2561
1930
416
1178
1866
123
716
783
635
5466
192
1476
240
78
102
3521
648
595
510
822
794
427
1743
1030
186
743
1943
678
565
356
2299
643
947
180
641
1536
843
3657
141
5457
802
575
686
1114
664
175
3795
808
857
644
645
1724
853
1335
2657
1461
777
2221
486
764
441
2042
709
222
2618
437
208
2076
580
499
1082
99
408
4165
534
521
248
3975
2212
1061
2474
1450
1269
403
2759
1302
1912
526
591
683
1662
1181
2393
1116
1430
303
2040
609
202
2192
669
1694
73
569
1135
944
1003
1587
1868
1431
882
1233
2742
494
672
1085
2138
1100
894
749
756
1568
2257
610
838
461
407
712
538
1914
625
770
679
1751
1022
79
2650
461
2138
788
155
479
916
384
129
2186
715
742
677
1707
700
559
856
573
4440
697
1808
464
715
1574
372
653
602
815
632
687
814
563
672
1136
122
367
481
4316
799
507
1987
77
597
1260
329
1569
989
703
654
481
1582
533
1846
94
1699
5312
478
1263
932
1363
567
3972
783
2052
628
1575
738
449
351
163
209
1346
2247
750
442
588
1543
2045
1789
2173
112
2112
1077
374
845
890
364
613
617
711
1705
527
3222
1302
3368
1095
594
235
535
3038
819
480
571
648
810
1677
1062
1848
653
2726
1067
701
773
3063
2942
146
141
632
1096
654
1493
777
831
823
4432
1216
1772
146
107
3025
1585
927
90
397
1741
1789
4251
3472
203
735
1776
578
925
996
1979
756
577
1030
912
1118
895
2225
1637
222
689
1924
149
469
1088
1771
113
1414
3790
863
574
958
4975
170
1061
643
828
586
653
1482
2061
1933
850
2169
427
2505
1211
731
2076
273
447
1853
446
628
80
708
1798
464
570
2583
875
390
737
547
389
1794
379
849
479
192
1849
651
115
773
2869
1106
565
2492
88
534
442
1713
2540
952
1238
629
1613
107
2383
3137
2605
723
352
690
724
761
2111
229
1444
519
636
524
718
518
564
3888
1312
443
668
1005
115
773
156
2134
1431
729
3922
200
406
105
1592
4761
398
1402
558
150
1002
454
775
1991
617
1687
2472
1501
792
546
2400
802
1135
466
2578
650
366
465
721
939
851
1275
556
1074
2302
1226
584
841
524
723
733
1267
801
3677
350
947
72
556
2787
948
342
989
2255
612
1867
1597
1917
1605
891
146
734
1325
446
453
133
1161
584
1404
659
496
107
2322
1848
735
214
424
1767
1422
5270
1019
1830
768
965
588
112
838
881
565
809
2597
450
182
745
2357
2047
1261
612
113
2824
3617
997
908
533
1436
463
2504
1084
402
162
611
1519
100
1992
625
348
652
1076
1200
4811
615
1374
781
770
462
2675
568
683
1308
2239
1322
1879
680
1560
1379
470
697
975
1621
615
1451
936
481
465
549
6071
1318
468
822
687
3059
591
435
487
569
754
3568
1873
384
993
415
2679
592
84
703
456
783
1110
561
1568
532
600
916
767
835
456
1653
2543
2517
1162
3274
1895
1686
635
671
635
814
1306
598
655
967
628
440
900
1589
1162
961
124
1035
1211
600
1199
854
1565
736
2048
572
645
707
984
398
3704
1007
869
229
1113
103
4422
164
1656
788
135
2734
892
364
140
973
1549
284
3562
1693
673
1723
971
101
502
1377
358
2654
1263
1317
1780
1148
1164
237
2692
1705
2194
4518
634
908
2919
399
2709
1196
1395
640
937
116
879
740
661
888
1388
2951
436
1216
797
2671
2218
780
471
97
1126
545
1705
2193
148
572
5101
1530
503
76
590
1589
904
842
1706
1219
2253
1321
1127
724
1985
674
1837
5508
682
1008
794
125
592
1175
3025
2851
435
4571
791
93
1300
442
913
3133
2151
1136
414
1905
83
180
993
1365
498
592
656
160
669
744
1376
1945
3746
1027
373
636
757
565
3467
1089
2406
711
2846
548
2424
489
844
1164
645
3750
574
163
1765
75
909
326
1504
572
1656
1085
1767
832
446
2395
505
557
1200
755
1470
594
1304
562
2439
704
349
1265
670
686
797
2328
747
127
683
800
475
808
913
1712
2603
1970
988
1057
1070
849
952
622
946
632
121
1675
725
588
777
2030
1935
4034
1297
2169
1400
660
2452
712
1028
718
4740
664
3221
415
1171
403
747
1269
1489
2745
2098
923
2427
826
1820
2081
145
1189
1125
178
524
1814
2058
372
2449
1431
786
2028
1141
1222
2833
539
1718
157
723
337
1670
149
730
542
567
1182
4243
1714
7322
1671
2102
1508
160
491
83
933
470
1865
3229
778
157
112
935
851
602
1662
1065
862
1621
818
88
665
1571
736
2934
3579
247
130
1186
217
1918
1740
505
1059
732
521
630
674
7348
2468
187
416
162
787
757
471
58
637
219
571
2654
512
729
903
774
2496
1036
670
3954
102
2821
2586
1120
98
416
1718
639
1207
740
580
391
821
1584
482
667
647
594
1739
175
1499
883
544
695
593
744
389
580
927
1382
453
679
112
495
772
101
369
710
116
713
829
620
479
376
4727
511
2154
666
1610
2813
462
6078
144
2380
525
1650
1425
845
1463
1814
1115
407
950
1851
470
578
618
1900
222
1473
519
721
429
1231
882
2476
1846
1668
883
531
523
83
1453
2223
675
1176
3524
767
1777
683
2627
2035
1163
1782
87
1122
365
1839
667
607
723
698
1777
1639
1221
1136
272
1869
944
508
2347
413
1953
1447
457
2026
373
540
1970
1717
765
171
897
1353
248
3251
550
711
1798
1719
2002
2149
1796
3790
2464
656
1498
646
2854
1470
69
2107
731
662
950
745
667
775
1971
2405
507
177
684
453
1682
755
117
770
53
2227
1577
429
2358
797
2334
1443
458
619
688
399
3990
436
489
560
3590
720
63
100
521
1666
407
797
2497
697
1165
132
706
630
544
1689
1030
1103
712
2927
879
760
58
1585
3347
615
1360
4834
2209
467
80
1075
3837
959
76
796
1260
627
1076
1512
673
1127
1331
501
1947
459
2770
1378
634
749
56
3491
1058
725
778
253
2597
2869
1819
127
2084
1171
2417
462
527
1706
125
566
2156
553
627
1822
86
735
3398
446
2280
2130
754
418
222
254
534
2060
3625
690
2066
1133
1485
403
2520
674
2761
2217
657
1818
5517
1724
633
2907
1326
697
709
554
1639
1075
1125
1096
238
499
2003
1498
2755
639
1299
683
568
3017
476
524
368
656
431
889
2069
2302
992
744
2456
1512
1837
835
2618
2021
4326
950
704
1060
74
4311
564
2775
3810
746
2224
530
1730
1497
1928
1721
852
346
1510
1026
3851
1686
5144
206
848
2873
3436
1505
1424
738
148
469
182
114
1091
374
756
583
1431
793
1656
470
106
663
1912
425
507
729
868
924
689
740
755
1697
683
457
2401
1838
3075
4275
448
1170
847
691
105
1070
794
1248
190
652
1106
861
1997
2567
1068
1512
423
884
1335
706
4537
968
1407
597
1531
711
159
479
601
1314
100
244
1347
633
953
134
673
101
435
596
2932
2477
735
747
771
1035
593
590
2320
1192
320
1662
480
5122
117
584
115
71
1831
113
949
1558
2021
2404
1352
1346
2255
804
702
1906
2508
975
130
1689
684
619
830
404
655
1663
1207
1200
686
2770
2018
498
892
1982
1120
664
1250
755
538
988
739
952
4040
397
126
160
1360
463
945
795
2573
1195
704
593
1544
4401
388
80
2358
497
2437
836
657
625
217
467
160
1979
1094
1051
742
514
2130
2318
793
82
1641
1765
265
588
891
1257
2027
916
103
137
346
334
742
63
374
273
2845
1448
763
473
3767
1320
690
737
134
142
1636
1145
923
522
2251
781
2969
951
196
643
1502
408
2427
988
2276
133
537
123
632
1801
955
2722
1507
394
2270
2008
746
101
146
551
774
649
2025
328
1376
2499
68
801
401
451
1720
488
1286
2374
3887
178
165
2055
1435
531
877
538
1163
2671
599
686
2019
1206
743
3478
100
950
661
747
2310
3821
482
1862
1273
209
97
998
1065
747
717
644
451
910
1429
995
1018
355
1556
575
1834
2341
1275
88
888
618
1422
670
1283
1603
2598
156
1854
686
178
1114
2373
428
4574
1160
2013
844
1076
873
1467
3784
59
1649
1510
2625
3567
1167
2195
1068
1390
2716
3199
2771
159
802
1902
2683
2367
760
1147
918
60
418
424
705
1549
2053
746
1925
571
678
231
1164
658
1670
2921
1224
331
779
648
1809
855
1139
402
200
2955
1636
2210
2841
1688
561
1116
757
1283
2161
1187
2040
707
595
859
155
382
1155
1109
524
482
74
1280
703
682
641
68
2338
3021
885
124
1222
1772
1256
2596
753
1767
3522
884
884
231
2118
425
393
416
4507
843
6201
3410
1448
748
750
117
1239
600
225
1683
907
1462
958
444
633
84
697
130
1063
1855
796
794
2749
2652
997
699
397
2830
828
1138
748
150
636
713
1124
1155
868
2080
2541
2970
922
825
1258
1281
1004
1489
455
658
472
2483
1228
634
1507
5066
1571
1164
1093
4185
699
787
1092
1700
676
692
220
525
842
649
656
2334
324
2179
162
3103
2555
162
494
284
535
656
472
1436
2630
196
2323
1092
802
511
394
724
1176
747
156
542
867
986
380
613
788
589
1181
1351
706
691
2741
618
609
2737
499
422
2535
187
276
674
590
2305
187
675
546
2203
1857
677
304
806
1301
980
2643
101
4175
2026
2350
178
714
597
633
288
150
788
504
2239
598
3674
748
656
906
773
906
668
1290
560
604
1039
354
2587
622
1132
1418
1180
974
2083
565
500
818
1049
508
975
682
695
420
1011
1293
1556
1314
428
2604
1331
2240
822
1267
743
117
527
539
166
836
1042
61
404
638
1408
1524
584
520
846
2779
1989
835
122
1777
136
2133
550
1665
1254
593
3777
398
485
669
128
4364
3694
3693
1697
1631
2456
268
2838
1376
5478
1480
615
761
1623
1929
2413
675
1734
2278
1173
843
566
2373
607
746
555
305
539
77
588
601
483
430
677
1944
406
1463
6359
80
158
1409
3497
942
565
829
611
398
1824
372
664
458
698
938
3760
752
1625
5190
2385
1738
214
