2267
2387
1646
335
2978
1776
3406
139
1523
3086
1650
2105
2728
420
2433
2173
180
1893
1484
117
2734
284
1645
304
2660
2678
1202
1995
1218
2226
863
722
280
1698
150
3331
5411
1182
2372
248
315
2412
2076
2182
1329
2197
2170
225
2928
1038
2208
3367
2652
1763
748
993
2621
746
691
1480
1706
593
1103
929
1654
1172
2912
392
2002
1057
1762
427
1402
1285
1092
1707
2318
3955
1197
1226
709
1629
1034
274
220
2339
1179
1893
2225
699
3031
352
765
2056
1139
290
1240
2557
2469
678
174
1904
834
2277
2512
2224
1118
1406
2732
1278
3358
1207
237
957
1602
2032
1206
1040
956
955
2587
219
860
773
1420
993
1278
4059
1143
1520
1097
230
3738
3009
2327
2255
664
3008
913
197
836
946
1078
335
2069
230
2745
2038
2673
2448
207
1367
758
3395
1284
2378
1206
1368
2326
338
3686
4010
3718
670
1976
2391
609
3395
1627
2055
2650
3204
972
802
2313
1185
1428
2334
2903
854
3036
1461
197
2903
670
2412
1224
191
3417
2404
972
1367
917
811
1297
1804
3854
3747
3364
1848
170
2544
2470
1051
2506
2982
1381
3317
831
2220
1738
216
1551
152
2252
395
2083
1022
2670
1748
1080
1640
1400
1304
941
2208
1951
3149
704
1808
1549
425
1179
167
1202
325
4158
1251
1095
1167
5278
1079
3086
1560
910
701
791
1056
1317
3134
3795
280
226
1099
2278
2504
331
2287
719
574
2655
1465
1564
954
2393
1131
143
3204
242
3033
889
2603
2003
920
143
652
1366
1813
2750
1022
343
1069
1188
2405
953
1692
2066
1174
1704
2498
123
2222
2120
1352
1371
716
377
1727
2517
5286
796
1183
1433
230
1157
770
2762
2076
2406
571
2074
1453
635
3432
106
582
924
561
1272
1124
1175
2443
2950
2366
2383
1800
970
1650
209
1126
1391
932
1679
1275
915
3278
2945
687
755
871
172
930
2145
862
1071
801
1061
212
2530
1122
2131
909
2346
1640
3415
146
1157
984
217
2474
982
166
2052
134
1125
985
1615
817
911
366
1942
1060
1233
2296
3058
1763
2220
2410
172
2459
946
496
340
1088
2549
3024
3921
5424
1033
1440
1151
2226
2322
984
2273
2487
1041
848
1264
4346
896
1942
136
241
1159
161
2272
243
252
1101
2408
1956
148
213
2174
947
1099
1724
3758
3129
3127
255
2405
1129
293
388
2035
